8.46292	0.243462	-3.03909	-0.087429	8.46292	0.243462	8.6	0.25	-3.00029	0
8.44684	0.246413	-2.99205	0.0411124	8.44818	0.251553	8.45	0.25	-3.00027	0
8.41015	0.239666	-0.13172	-0.0971758	8.56759	0.241943	8.45	0.25	0	0
8.44164	0.249976	0.339792	0.16287	8.45582	0.253997	8.45	0.25	0	0
8.37127	0.252813	-1.75321	0.0444511	8.42544	0.254042	8.35	0.25	-1.81979	0
8.24815	0.250293	-2.11418	-0.0377836	8.23962	0.24916	8.25	0.25	-1.81978	0
8.07412	0.198029	-3.70539	-0.866687	7.93286	0.188391	8.05	0.2	-3.99976	-0.99994
7.85382	0.158877	-4.14779	-0.786939	7.84073	0.159858	7.85	0.15	-3.99972	-0.99993
7.68163	0.152863	-3.26671	-0.240616	7.61269	0.155818	7.7	0.15	-2.99982	0
7.53408	0.155524	-3.06405	0.0256874	7.54016	0.159641	7.55	0.15	-2.99982	0
7.41574	0.100412	-1.93071	-0.871465	7.50815	0.0953827	7.45	0.100001	-1.8165	-0.908239
7.33464	0.0378805	-1.58873	-1.1377	7.3426	0.0345312	7.35	0.0500011	-1.81648	-0.90823
7.19695	0.00260576	-2.73773	-0.704646	7.20598	0.00492725	7.2	9.49949e-007	-2.72851	-0.909507
7.05225	-0.0500457	-2.66136	-0.958714	7.05406	-0.0533413	7.05	-0.0499992	-2.72849	-0.909499
6.94281	-0.143692	-1.75338	-1.61292	6.74585	-0.143185	6.95	-0.15	-1.81898	-1.81898
6.84891	-0.253557	-1.72206	-2.00683	6.84972	-0.258748	6.85	-0.25	-1.81896	-1.81897
6.74559	-0.350795	-2.11039	-1.95255	6.66966	-0.346668	6.75	-0.349999	-2.00076	-2.00075
6.64238	-0.45923	-2.08542	-2.16002	6.64329	-0.462604	6.65	-0.449999	-2.00076	-2.00075
6.58158	-0.556334	-1.0435	-2.00858	6.60862	-0.557035	6.6	-0.549999	-0.998836	-1.99769
6.55175	-0.652201	-0.750439	-1.90706	6.56029	-0.650892	6.55	-0.65	-0.99884	-1.99769
6.50437	-0.848345	-0.78902	-3.37076	6.40696	-0.842921	6.5	-0.85	-0.908747	-3.63498
6.45865	-1.04884	-0.829586	-3.65611	6.45805	-1.05268	6.45	-1.05	-0.908739	-3.63494
6.38382	-1.1621	-1.59564	-2.20973	6.38626	-1.15695	6.35	-1.15	-1.81897	-1.81898
6.26489	-1.25728	-1.98456	-1.74557	6.25499	-1.25007	6.25	-1.25	-1.81896	-1.81896
6.2798	-1.441	0.880045	-3.33066	6.43125	-1.48148	6.3	-1.45	0.909739	-3.63894
6.35481	-1.64952	1.20586	-3.78174	6.36328	-1.65656	6.35	-1.65	0.909727	-3.63891
6.32208	-1.81372	-1.00631	-3.18381	6.3228	-1.81431	6.3	-1.8	-0.999494	-2.9985
6.25344	-1.95641	-1.21613	-2.90208	6.24641	-1.95075	6.25	-1.95	-0.999489	-2.99847
6.27592	-2.09897	0.723511	-3.05568	6.31851	-2.10969	6.3	-2.1	0.999984	-2.99994
6.33723	-2.2412	1.08535	-2.80917	6.34644	-2.23829	6.35	-2.25	0.999979	-2.99994
6.34304	-2.40431	-0.0965995	-2.8272	6.32593	-2.40018	6.35	-2.4	0	-2.72613
6.34668	-2.55325	0.0409862	-2.69281	6.34927	-2.55175	6.35	-2.55	0	-2.72611
6.38662	-2.70142	0.846539	-2.78176	6.43125	-2.71878	6.4	-2.7	0.909499	-2.72851
6.43288	-2.84489	0.861175	-2.61376	6.43257	-2.84245	6.45	-2.85	0.909503	-2.72851
6.44782	-2.99316	0.273283	-2.83378	6.46536	-3.00452	6.45	-3	0	-2.99754
6.44629	-3.14644	0.0385995	-3.07223	6.44119	-3.14955	6.45	-3.15	0	-2.99754
6.48946	-3.30639	0.898635	-3.03494	6.52249	-3.32007	6.5	-3.3	0.910402	-2.7312
6.54413	-3.4605	0.999847	-2.80743	6.5453	-3.45745	6.55	-3.45	0.910402	-2.7312
6.63364	-3.59491	1.67289	-2.55682	6.6358	-3.59197	6.65	-3.6	1.81722	-2.72583
6.75201	-3.75006	2.01881	-2.74933	6.76011	-3.75457	6.75	-3.75	1.81721	-2.72581
6.81444	-3.91071	1.00975	-2.76316	6.83625	-3.92723	6.8	-3.9	0.907988	-2.72396
6.86232	-4.05923	0.906635	-2.71741	6.85997	-4.05805	6.85	-4.05	0.907976	-2.72393
6.91236	-4.21097	0.931545	-2.76759	6.86943	-4.18507	6.9	-4.2	0.909334	-2.72801
6.94825	-4.34885	0.739689	-2.56262	6.94332	-4.34473	6.95	-4.35	0.90933	-2.72799
6.9915	-4.46228	0.689621	-2.06874	7.05156	-4.49706	7	-4.45	0.910054	-1.8201
7.03919	-4.55484	0.869795	-1.71101	7.04099	-4.55018	7.05	-4.55	0.910054	-1.8201
7.09882	-4.67457	1.19209	-2.20596	7.10252	-4.67934	7.1	-4.7	0.908302	-2.72489
7.14912	-4.84925	0.875605	-3.08308	7.14735	-4.86125	7.15	-4.85	0.908297	-2.72489
7.23793	-5.00555	1.64648	-2.95816	7.31379	-5.05204	7.25	-5	1.81907	-2.72861
7.30985	-5.15753	1.39834	-2.82268	7.30424	-5.15404	7.35	-5.15	1.81907	-2.72861
7.37855	-5.29619	1.20212	-2.50997	7.29446	-5.23429	7.4	-5.3	0.908194	-2.7246
7.44617	-5.44946	1.19789	-2.74118	7.44737	-5.45308	7.45	-5.45	0.90819	-2.72457
7.54031	-5.56136	1.62002	-2.10155	7.63082	-5.61863	7.55	-5.55	1.81974	-1.81974
7.64096	-5.66838	1.79948	-1.95423	7.64356	-5.66706	7.65	-5.65	1.81972	-1.81972
7.70073	-5.81039	1.14665	-2.4852	7.60376	-5.74774	7.7	-5.8	0.90983	-2.72951
7.74007	-5.95362	0.79946	-2.62016	7.7342	-5.95374	7.75	-5.95	0.909826	-2.72948
7.84168	-6.09242	2.1245	-2.99903	7.82165	-6.06822	7.85	-6.1	1.9986	-2.9979
7.95486	-6.2427	2.2203	-2.99007	7.95703	-6.24328	7.95	-6.25	1.99858	-2.99787
8.05952	-6.36279	1.66975	-2.06404	8.17338	-6.44684	8.05	-6.35	1.81738	-1.81739
8.15841	-6.45726	1.79165	-1.77154	8.15891	-6.45335	8.15	-6.45	1.81737	-1.81737
8.2141	-6.60477	1.1329	-2.59302	8.08628	-6.51855	8.2	-6.6	0.909293	-2.72787
8.25857	-6.74879	0.879513	-2.63524	8.25411	-6.74791	8.25	-6.75	0.909293	-2.72787
8.34571	-6.86688	1.59913	-2.28957	8.25648	-6.78122	8.35	-6.85	1.81994	-1.81993
8.44429	-6.96382	1.78292	-1.85751	8.44494	-6.95805	8.45	-6.95	1.81993	-1.81993
8.50195	-7.09213	1.29236	-2.45024	8.39359	-7.01743	8.5	-7.1	1.00006	-3.00018
8.5516	-7.2391	1.05019	-2.82321	8.54925	-7.24433	8.55	-7.25	1.00006	-3.00018
8.6376	-7.39034	1.78798	-3.15058	8.64403	-7.39047	8.65	-7.4	1.99807	-2.99712
8.734	-7.54285	1.89097	-3.06788	8.73559	-7.5421	8.75	-7.55	1.99808	-2.99712
8.8046	-7.66489	1.03285	-2.03901	8.87176	-7.71912	8.8	-7.65	0.909955	-1.8199
8.84966	-7.75979	0.880272	-1.80132	8.84538	-7.75497	8.85	-7.75	0.909946	-1.81988
8.90444	-7.89461	1.27034	-2.71785	8.88333	-7.88636	8.9	-7.9	0.999086	-2.9973
8.96105	-8.03706	1.16684	-2.81679	8.95966	-8.0381	8.95	-8.05	0.999095	-2.9973
9.00577	-8.15462	0.690793	-2.06942	8.8564	-8.01424	9	-8.15	0.909309	-1.8186
9.05748	-8.24685	0.89675	-1.75522	9.05896	-8.24314	9.05	-8.25	0.909301	-1.81859
9.10645	-8.38847	1.15766	-2.80954	9.17781	-8.47056	9.1	-8.4	1.0004	-3.00119
9.15447	-8.54521	1.00464	-3.04687	9.15332	-8.54857	9.15	-8.55	1.00038	-3.00117
9.19939	-8.67093	0.640743	-2.1888	9.22922	-8.6898	9.2	-8.65	0.909508	-1.819
9.24472	-8.77209	0.791487	-1.91452	9.24541	-8.76863	9.25	-8.75	0.9095	-1.81899
9.33603	-8.95353	2.14061	-3.79407	9.37748	-9.00609	9.35	-8.95	1.99965	-3.99928
9.44555	-9.15097	2.1662	-3.89709	9.44703	-9.15328	9.45	-9.15	1.99964	-3.99928
9.51004	-9.2754	0.993263	-2.3015	9.50096	-9.25642	9.5	-9.25	0.999584	-1.99917
9.54804	-9.36121	0.856882	-1.90809	9.54157	-9.35195	9.55	-9.35	0.999584	-1.99917
9.56775	-9.4943	0.560518	-2.60116	9.47534	-9.42627	9.55	-9.5	0	-3.00023
9.55604	-9.64771	0.000219614	-2.95051	9.54779	-9.64959	9.55	-9.65	0	-3.0002
9.59798	-9.79753	0.828436	-3.13394	9.69942	-9.88416	9.6	-9.8	0.999005	-2.997
9.64615	-9.93789	0.93174	-2.90417	9.64606	-9.9341	9.65	-9.95	0.998995	-2.997
9.68616	-10.0612	0.610811	-2.17381	9.60087	-9.96395	9.7	-10.05	0.909855	-1.81969
9.73741	-10.1459	0.861831	-1.69238	9.73801	-10.1396	9.75	-10.15	0.909847	-1.81969
9.76614	-10.2787	0.70303	-2.55852	9.92627	-10.4745	9.75	-10.3	0	-3.00065
9.75967	-10.4628	0.101283	-3.34054	9.75524	-10.4732	9.75	-10.45	0	-3.00063
9.79832	-10.6194	0.673621	-2.9467	9.71825	-10.5087	9.8	-10.6	0.90817	-2.72451
9.8498	-10.7569	0.873795	-2.60679	9.85048	-10.7526	9.85	-10.75	0.908161	-2.72448
9.86259	-10.8992	0.188364	-2.46163	9.88465	-10.9383	9.85	-10.9	0	-2.73074
9.84184	-11.0422	-0.23139	-2.57248	9.83614	-11.041	9.85	-11.05	0	-2.73073
9.8473	-11.1819	0.146473	-2.86709	9.83952	-11.1692	9.85	-11.2	0	-2.99965
9.8456	-11.3452	0.0129858	-3.13507	9.84568	-11.3496	9.85	-11.35	0	-2.99961
9.83618	-11.5053	-0.186045	-3.1487	9.87961	-11.5637	9.85	-11.5	0	-2.99843
9.83351	-11.6372	-0.0843972	-2.80336	9.83206	-11.6307	9.85	-11.65	0	-2.99843
9.78454	-11.7541	-1.07412	-2.11357	9.85311	-11.8523	9.8	-11.75	-1.0003	-2.00061
9.74703	-11.8462	-0.850945	-1.92593	9.74928	-11.8442	9.75	-11.85	-1.00029	-2.00059
9.71232	-11.9769	-0.561301	-2.68822	9.69694	-11.9706	9.7	-12	-1.0004	-3.00119
9.65628	-12.1437	-0.951059	-3.12964	9.65354	-12.1497	9.65	-12.15	-1.00039	-3.00116
9.60552	-12.2633	-1.18748	-2.2929	9.72311	-12.3964	9.6	-12.25	-0.999885	-1.99981
9.55043	-12.3542	-1.12018	-1.97716	9.54859	-12.3478	9.55	-12.35	-0.999884	-1.99979
9.45787	-12.4536	-1.80452	-1.86612	9.39039	-12.3902	9.45	-12.45	-1.99803	-1.99805
9.36181	-12.5499	-1.88254	-1.90701	9.36086	-12.5501	9.35	-12.55	-1.99804	-1.99804
9.29099	-12.657	-1.28098	-2.04778	9.34456	-12.7106	9.3	-12.65	-0.909773	-1.81953
9.22177	-12.7629	-1.26533	-1.95737	9.22134	-12.7613	9.25	-12.75	-0.909773	-1.81954
9.07747	-12.8446	-2.87721	-1.28548	9.15326	-13.0031	9.05	-12.85	-3.99257	-1.99629
8.85404	-12.949	-3.94972	-1.84199	8.84161	-12.9519	8.85	-12.95	-3.99253	-1.99627
8.71133	-13.0184	-2.68874	-1.43235	8.71632	-12.9613	8.75	-13	-1.8213	-0.910651
8.65256	-13.0477	-1.49867	-0.769853	8.66358	-13.0431	8.65	-13.05	-1.8213	-0.910651
8.52425	-13.0928	-2.47956	-0.709557	8.54518	-13.1702	8.5	-13.1	-2.997	-0.999005
8.36273	-13.1524	-2.99109	-1.04029	8.35763	-13.1557	8.35	-13.15	-2.997	-0.998995
8.20934	-13.165	-2.93611	-0.123601	8.22926	-13.1698	8.2	-13.15	-2.72741	0
8.03877	-13.1562	-3.05771	0.0877044	8.03583	-13.1513	8.05	-13.15	-2.72742	0
7.88537	-13.1551	-2.76621	-0.0650097	7.82915	-13.0525	7.9	-13.15	-2.72986	0
7.7606	-13.1616	-2.40295	-0.101249	7.76538	-13.1647	7.75	-13.15	-2.72986	0
7.62319	-13.2073	-2.60122	-0.90635	7.66145	-13.3079	7.6	-13.2	-2.9979	-0.999304
7.45512	-13.2548	-3.11342	-0.954089	7.44786	-13.2517	7.45	-13.25	-2.9979	-0.999304
7.28955	-13.2633	-3.12005	-0.0720115	7.21108	-13.0985	7.3	-13.25	-2.72846	0
7.15599	-13.242	-2.60531	0.271646	7.16011	-13.2382	7.15	-13.25	-2.72844	0
7.00872	-13.1934	-2.97925	1.02716	6.88472	-12.9588	7	-13.2	-2.99784	0.999284
6.85014	-13.1482	-3.1118	0.942248	6.84891	-13.1493	6.85	-13.15	-2.99784	0.999284
6.69871	-13.1001	-2.77689	0.847077	6.77424	-13.2337	6.7	-13.1	-2.72787	0.909275
6.55526	-13.0642	-2.65226	0.702527	6.55759	-13.0679	6.55	-13.05	-2.72787	0.909284
6.39904	-13.0559	-2.75488	0.0860208	6.40137	-13.0799	6.4	-13.05	-2.72678	0
6.25972	-13.0522	-2.58874	0.0743471	6.26174	-13.0534	6.25	-13.05	-2.72678	0
6.10676	-13.0205	-2.84347	0.694616	6.10143	-13.0076	6.1	-13	-2.72966	0.909888
5.94468	-12.9569	-2.91576	1.03195	5.94198	-12.9494	5.95	-12.95	-2.72963	0.90988
5.7967	-12.86	-3.0773	2.05318	5.79854	-12.8478	5.8	-12.85	-2.99777	1.99851
5.65087	-12.7412	-2.95414	2.26462	5.65107	-12.7365	5.65	-12.75	-2.99778	1.99852
5.53613	-12.6644	-1.99278	1.05256	5.50547	-12.5721	5.55	-12.7	-1.81798	0.908995
5.43473	-12.6414	-1.88669	0.57995	5.43839	-12.652	5.45	-12.65	-1.81799	0.908995
5.30457	-12.5475	-2.4766	1.96827	5.27506	-12.4782	5.3	-12.55	-2.72627	1.81753
5.13448	-12.4636	-2.95519	1.63221	5.1307	-12.4684	5.15	-12.45	-2.72625	1.8175
5.02159	-12.3659	-2.13417	1.69783	5.04446	-12.3808	5.05	-12.35	-1.8199	1.81989
4.92733	-12.2539	-1.80382	1.95619	4.92985	-12.2499	4.95	-12.25	-1.81991	1.8199
4.82195	-12.149	-2.06408	2.10351	4.75061	-11.9803	4.85	-12.15	-1.99928	1.99929
4.75174	-12.059	-1.60278	1.93041	4.75915	-12.0666	4.75	-12.05	-1.99928	1.99928
4.68626	-11.9224	-1.28837	2.54869	4.69113	-11.9084	4.7	-11.9	-0.908236	2.72471
4.64133	-11.7516	-0.906573	2.97212	4.64378	-11.7442	4.65	-11.75	-0.908231	2.7247
4.60317	-11.6311	-0.608901	2.00509	4.59746	-11.6205	4.6	-11.65	-0.909847	1.81971
4.55068	-11.5604	-0.901561	1.46914	4.54975	-11.5706	4.55	-11.55	-0.909843	1.81969
4.47776	-11.3851	-1.64199	3.85738	4.47442	-11.3673	4.5	-11.35	-1.0008	4.0032
4.43501	-11.1587	-1.04222	4.3234	4.44059	-11.1496	4.45	-11.15	-1.0008	4.00321
4.42927	-11.0137	0.0692139	2.12307	4.43713	-11.024	4.45	-11.05	0	1.81614
4.44741	-10.9218	0.268627	1.78715	4.45136	-10.93	4.45	-10.95	0	1.81612
4.44523	-10.781	-0.121003	2.75371	4.44745	-10.786	4.45	-10.8	0	2.72555
4.45442	-10.6414	0.105023	2.60317	4.45788	-10.6457	4.45	-10.65	0	2.72554
4.438	-10.5026	-0.272934	2.58739	4.46329	-10.5756	4.45	-10.5	0	2.729
4.43871	-10.3424	-0.0277875	2.83945	4.44057	-10.3382	4.45	-10.35	0	2.72898
4.4843	-10.1827	0.760639	2.81823	4.51895	-10.2367	4.5	-10.2	0.908962	2.72687
4.54509	-10.0395	1.03534	2.67353	4.54925	-10.0439	4.55	-10.05	0.908954	2.72685
4.59414	-9.88649	0.871966	2.85218	4.63224	-9.9707	4.6	-9.9	0.909756	2.72927
4.63754	-9.74536	0.791301	2.63675	4.63755	-9.74952	4.65	-9.75	0.909752	2.72926
4.67939	-9.5833	0.740453	2.95752	4.60757	-9.4335	4.7	-9.6	0.90859	2.72578
4.74023	-9.45117	1.01693	2.55942	4.74589	-9.4609	4.75	-9.45	0.908586	2.72576
4.83451	-9.30112	1.64316	2.68632	4.89179	-9.39473	4.85	-9.3	1.81967	2.72952
4.94511	-9.141	1.9634	2.87776	4.94849	-9.13867	4.95	-9.15	1.81967	2.72951
5.00419	-9.0329	1.38717	2.19166	4.95209	-8.96272	5	-9.05	0.999884	1.99977
5.04647	-8.94466	0.944122	1.86596	5.04121	-8.94979	5.05	-8.95	0.999874	1.99974
5.14645	-8.80673	1.67389	2.50214	5.20806	-8.88942	5.15	-8.8	1.81805	2.72708
5.26495	-8.64171	2.10454	2.91423	5.26887	-8.63564	5.25	-8.65	1.81803	2.72705
5.36343	-8.5331	2.10026	2.14306	5.3785	-8.56768	5.35	-8.55	1.99956	1.99957
5.45265	-8.4279	1.85628	2.0901	5.44864	-8.42738	5.45	-8.45	1.99954	1.99954
5.50841	-8.34434	1.09554	1.61374	5.56465	-8.44845	5.5	-8.35	0.909045	1.81807
5.54456	-8.24737	0.736361	1.7025	5.53862	-8.24357	5.55	-8.25	0.909045	1.81808
5.67855	-8.09964	2.27419	2.50055	5.64921	-8.02513	5.7	-8.1	2.72608	2.72608
5.84266	-7.95543	2.87391	2.64624	5.85094	-7.95601	5.85	-7.95	2.72606	2.72606
5.9509	-7.84485	2.07161	2.09584	5.93492	-7.84119	5.95	-7.85	1.81801	1.81801
6.06055	-7.73457	2.00009	2.01882	6.05986	-7.73559	6.05	-7.75	1.81802	1.81801
6.14841	-7.63877	1.64042	1.78263	6.13741	-7.63243	6.15	-7.65	1.81798	1.81798
6.25311	-7.5421	1.85549	1.78397	6.25659	-7.54336	6.25	-7.55	1.81798	1.81798
6.3658	-7.43703	2.02638	1.8978	6.39143	-7.46358	6.35	-7.45	1.82027	1.82027
6.45551	-7.3589	1.66662	1.49037	6.452	-7.36418	6.45	-7.35	1.82025	1.82025
6.60234	-7.25321	2.83038	1.84341	6.47916	-7.09783	6.6	-7.25	2.99862	1.99908
6.75369	-7.1489	2.99659	2.03459	6.7556	-7.14598	6.75	-7.15	2.99862	1.99908
6.8282	-7.05965	1.35333	1.86852	6.68682	-6.93297	6.8	-7.05	0.908005	1.816
6.87173	-6.95087	0.899507	1.91411	6.86356	-6.94732	6.85	-6.95	0.908	1.81601
7.00023	-6.85312	2.43181	1.52722	7.08741	-6.92602	7	-6.85	2.72856	1.81904
7.15313	-6.75388	2.73641	1.78016	7.15695	-6.75136	7.15	-6.75	2.72854	1.81902
7.26209	-6.64856	1.88404	2.07643	7.29976	-6.68807	7.25	-6.65	1.8202	1.8202
7.35609	-6.55607	1.71538	1.74527	7.35505	-6.56058	7.35	-6.55	1.82018	1.82018
7.49128	-6.50095	2.83624	0.944251	7.53544	-6.5372	7.5	-6.5	2.99964	0.999884
7.65066	-6.46082	3.07356	0.87341	7.65664	-6.46417	7.65	-6.45	2.99964	0.999884
7.76623	-6.41319	2.01298	1.03313	7.67559	-6.34628	7.75	-6.4	1.81709	0.908549
7.857	-6.35916	1.71922	0.966802	7.85193	-6.35845	7.85	-6.35	1.81709	0.908545
7.994	-6.26742	2.43685	1.55323	8.03231	-6.28406	8	-6.25	2.72931	1.81954
8.13705	-6.15207	2.6059	2.00931	8.13749	-6.14586	8.15	-6.15	2.72928	1.81952
8.25079	-6.04385	2.23887	2.20752	8.21488	-6.01843	8.25	-6.05	1.99977	1.99976
8.342	-5.94523	1.93198	1.99769	8.33626	-5.94674	8.35	-5.95	1.99977	1.99976
8.48297	-5.87583	2.7904	1.13976	8.50318	-5.89335	8.5	-5.9	2.72796	0.909326
8.65203	-5.85327	2.9711	0.555354	8.65894	-5.86309	8.65	-5.85	2.72796	0.909321
8.77818	-5.75561	1.99275	1.8816	8.77185	-5.74314	8.75	-5.75	1.81776	1.81775
8.86182	-5.64572	1.63696	1.94609	8.85444	-5.64273	8.85	-5.65	1.81774	1.81773
8.95475	-5.55857	1.8879	1.73266	9.02394	-5.6024	8.95	-5.55	1.99657	1.99656
9.05131	-5.4573	1.93598	1.95208	9.05088	-5.45385	9.05	-5.45	1.99654	1.99655
9.19042	-5.38164	2.78253	1.25398	9.04088	-5.29691	9.2	-5.4	2.72728	0.909094
9.34194	-5.324	2.75095	1.08243	9.34223	-5.32623	9.35	-5.35	2.72727	0.90909
9.44284	-5.24179	1.63418	1.6181	9.39579	-5.21659	9.45	-5.25	1.81816	1.81815
9.54948	-5.13454	1.8819	1.90625	9.55303	-5.13194	9.55	-5.15	1.81813	1.81813
9.63043	-5.07189	1.48087	1.25476	9.75019	-5.14652	9.65	-5.05	1.82036	1.82036
9.75114	-4.94109	2.0766	2.21515	9.7586	-4.93134	9.75	-4.95	1.82036	1.82037
9.85025	-4.83114	1.75856	2.05874	9.9198	-4.86941	9.85	-4.85	1.81578	1.81577
9.95343	-4.73917	1.82666	1.74561	9.95641	-4.74358	9.95	-4.75	1.81575	1.81575
10.06	-4.5866	1.83274	2.69626	10.0029	-4.54771	10.05	-4.6	1.82039	2.7306
10.1463	-4.44985	1.62841	2.51438	10.1428	-4.45119	10.15	-4.45	1.8204	2.7306
10.2481	-4.29191	1.86258	2.81192	10.1981	-4.26556	10.25	-4.3	1.81769	2.72652
10.3604	-4.15895	1.98007	2.49552	10.3644	-4.16342	10.35	-4.15	1.81768	2.7265
10.471	-4.06349	2.06905	1.8015	10.5985	-4.12247	10.45	-4.05	1.81792	1.81792
10.5518	-3.94961	1.63494	1.99693	10.5415	-3.9454	10.55	-3.95	1.8179	1.8179
10.6486	-3.83219	1.7518	2.11717	10.7092	-3.85166	10.65	-3.85	1.81903	1.81904
10.7568	-3.74445	1.8925	1.69834	10.7616	-3.75002	10.75	-3.75	1.81902	1.81903
10.8214	-3.61937	0.96528	2.30704	10.795	-3.60617	10.8	-3.6	0.909773	2.72931
10.8586	-3.46678	0.767151	2.68054	10.8527	-3.46164	10.85	-3.45	0.909764	2.72928
10.9578	-3.31542	2.1394	2.84379	10.9584	-3.30584	10.95	-3.3	1.99953	2.99928
11.0505	-3.15957	1.96597	3.03745	11.0447	-3.1561	11.05	-3.15	1.9995	2.99925
11.1175	-2.98685	1.01543	3.20254	11.1178	-2.98807	11.1	-3	0.907725	2.72317
11.1485	-2.85863	0.656065	2.47206	11.1427	-2.86566	11.15	-2.85	0.907708	2.72314
11.2002	-2.7003	0.987188	2.81022	11.1491	-2.68183	11.2	-2.7	0.908929	2.72678
11.2528	-2.55212	0.9613	2.71363	11.2525	-2.55311	11.25	-2.55	0.908929	2.72678
11.2293	-2.38593	-0.743287	3.08929	11.1188	-2.36202	11.2	-2.4	-0.909276	2.72782
11.1654	-2.25102	-1.06355	2.5566	11.1594	-2.25598	11.15	-2.25	-0.909276	2.72782
11.2284	-2.10879	1.68365	2.43008	11.2029	-2.09837	11.25	-2.1	1.81915	2.72871
11.3454	-1.95976	2.01382	2.67371	11.3525	-1.95787	11.35	-1.95	1.81913	2.72869
11.3784	-1.80629	0.274208	2.85908	11.3011	-1.79507	11.35	-1.8	0	2.73035
11.3466	-1.66839	-0.352448	2.555	11.3326	-1.67041	11.35	-1.65	0	2.73033
11.3137	-1.48954	-0.689101	3.39662	11.0622	-1.44342	11.3	-1.5	-0.999165	2.99748
11.2643	-1.35229	-0.890228	2.88948	11.2595	-1.35818	11.25	-1.35	-0.999155	2.99745
11.2145	-1.23284	-0.864734	2.25368	11.1658	-1.23674	11.2	-1.25	-0.909822	1.81964
11.1554	-1.15135	-1.02867	1.60791	11.1524	-1.15803	11.15	-1.15	-0.909822	1.81964
11.068	-0.971917	-1.88742	3.24302	10.8534	-0.929069	11.05	-0.95	-1.99817	3.99632
10.9633	-0.742012	-1.99798	4.28619	10.9584	-0.728742	10.95	-0.75	-1.99816	3.99632
10.896	-0.6364	-0.942444	2.17715	10.8608	-0.663121	10.9	-0.649999	-0.908549	1.8171
10.8597	-0.547804	-0.735072	1.69892	10.8648	-0.553034	10.85	-0.549999	-0.908532	1.81708
10.7732	-0.437687	-1.8104	1.97942	10.8451	-0.437482	10.75	-0.45	-1.8174	1.81738
10.6587	-0.344876	-2.00863	1.72852	10.6542	-0.347474	10.65	-0.35	-1.8174	1.81738
10.5069	-0.245754	-2.95287	1.80093	10.5062	-0.245062	10.5	-0.25	-2.72796	1.81864
10.344	-0.150365	-2.96022	1.74408	10.3438	-0.150982	10.35	-0.15	-2.72796	1.81864
10.233	-0.0752444	-1.86232	1.41049	10.4884	-0.0812124	10.25	-0.0999996	-1.81964	0.909826
10.1483	-0.0406986	-1.63133	0.730343	10.1537	-0.0482457	10.15	-0.0499992	-1.81963	0.909818
10.016	0.00328353	-2.574	0.7922	9.92588	0.00395802	10	9.49949e-007	-2.73049	0.910169
9.861	0.0369396	-2.75383	0.63464	9.85676	0.0351738	9.85	0.0500011	-2.73047	0.910161
9.71013	0.0608597	-2.71428	0.458772	9.63973	0.0585714	9.7	0.0500011	-2.72439	0
9.55003	0.0450403	-2.85399	-0.20559	9.54669	0.0374948	9.55	0.0500011	-2.72438	0
9.39528	0.102405	-2.7787	0.890839	9.32242	0.112393	9.4	0.100001	-2.72773	0.90923
9.24399	0.153226	-2.75876	0.920874	9.24446	0.153574	9.25	0.15	-2.7277	0.909222
9.0933	0.201793	-2.72414	0.887827	9.0614	0.20077	9.1	0.2	-2.72652	0.908843
8.94653	0.25869	-2.68375	1.0216	8.94752	0.260272	8.95	0.25	-2.72653	0.908843
8.83603	0.254232	-1.87419	0.0622505	8.90199	0.247143	8.85	0.25	-1.81847	0
8.75372	0.262648	-1.60124	0.144443	8.76016	0.263752	8.75	0.25	-1.81846	0
8.57904	0.262935	-3.53612	0.00457638	8.46355	0.258809	8.55	0.25	-3.6326	0
8.36092	0.254452	-3.84402	-0.141001	8.35367	0.252596	8.35	0.25	-3.6326	0
8.19661	0.246435	-2.72584	-0.133999	8.05161	0.241868	8.2	0.25	-2.72841	0
8.05236	0.246308	-2.65289	-0.00871591	8.05411	0.247878	8.05	0.25	-2.72842	0
7.90902	0.212736	-2.56133	-0.533586	7.78653	0.205765	7.9	0.2	-2.72708	-0.909025
7.7493	0.151172	-2.80522	-1.09859	7.74339	0.144028	7.75	0.15	-2.72705	-0.909016
7.60176	0.094428	-2.71218	-1.04165	7.77346	0.0969346	7.6	0.100001	-2.73169	-0.910554
7.45343	0.0437236	-2.70471	-0.925341	7.45362	0.0452052	7.45	0.0500011	-2.73169	-0.910554
7.30072	0.0388384	-3.07321	-0.257934	7.15329	0.0425189	7.3	0.0500011	-2.99789	0
7.16095	0.0281428	-2.89669	-0.217282	7.16618	0.0287673	7.15	0.0500011	-2.9979	0
7.05049	-0.0405524	-1.7976	-1.12369	7.17215	-0.0469302	7.05	-0.0499995	-1.81811	-1.81813
6.95363	-0.13888	-1.77012	-1.79913	6.95426	-0.147757	6.95	-0.15	-1.8181	-1.81811
6.85153	-0.249939	-1.86649	-1.98905	6.83008	-0.250179	6.85	-0.25	-1.81646	-1.81646
6.76041	-0.34809	-1.71113	-1.77605	6.76395	-0.345347	6.75	-0.35	-1.81645	-1.81645
6.67016	-0.451963	-1.64668	-1.87506	6.74798	-0.457727	6.65	-0.45	-1.81901	-1.819
6.55366	-0.563796	-1.99245	-2.04782	6.54569	-0.565853	6.55	-0.549999	-1.81899	-1.81898
6.49177	-0.741316	-0.890147	-3.11211	6.565	-0.754748	6.5	-0.749999	-0.909789	-3.63914
6.44773	-0.934985	-0.838987	-3.53927	6.4494	-0.940848	6.45	-0.949999	-0.909781	-3.63911
6.39386	-1.10473	-1.14362	-3.40547	6.44213	-1.11266	6.4	-1.1	-1.0002	-3.00061
6.34215	-1.26464	-1.06181	-3.20007	6.34405	-1.26138	6.35	-1.25	-1.0002	-3.00061
6.30604	-1.3529	-0.801064	-2.03512	6.39474	-1.36501	6.3	-1.35	-1.00035	-2.00072
6.25721	-1.43567	-0.889842	-1.68142	6.25356	-1.42931	6.25	-1.45	-1.00036	-2.00072
6.24424	-1.60297	0.0132991	-3.12129	6.24787	-1.61119	6.25	-1.6	0	-2.99288
6.23811	-1.75493	-0.0701739	-3.04489	6.23547	-1.75335	6.25	-1.75	0	-2.99285
6.27537	-1.89299	0.761672	-2.62893	6.41111	-1.93027	6.3	-1.9	0.909739	-2.72921
6.34107	-2.04997	1.07484	-2.82574	6.34873	-2.05372	6.35	-2.05	0.909735	-2.72921
6.35845	-2.20279	0.0932788	-2.67633	6.53066	-2.26346	6.35	-2.2	0	-2.72782
6.36801	-2.34112	0.169241	-2.50832	6.36917	-2.33894	6.35	-2.35	0	-2.72779
6.35612	-2.54637	-0.112901	-3.59637	6.27034	-2.51837	6.35	-2.55	0	-3.63689
6.34463	-2.73609	-0.171182	-3.46113	6.34287	-2.73391	6.35	-2.75	0	-3.63689
6.38941	-2.89688	0.902062	-3.08747	6.45883	-2.92313	6.4	-2.9	0.908854	-2.72658
6.43882	-3.06343	0.905625	-3.02957	6.43866	-3.06257	6.45	-3.05	0.908859	-2.72658
6.49574	-3.2048	0.990196	-2.61453	6.49154	-3.20004	6.5	-3.2	0.908863	-2.72658
6.53917	-3.34369	0.844039	-2.55075	6.53579	-3.34211	6.55	-3.35	0.908855	-2.72655
6.59714	-3.48042	1.04547	-2.5029	6.70146	-3.53446	6.6	-3.5	0.908714	-2.72613
6.64795	-3.63537	0.915328	-2.80938	6.64657	-3.63945	6.65	-3.65	0.908702	-2.72611
6.69475	-3.80692	0.886301	-3.0962	6.70956	-3.81739	6.7	-3.8	0.909565	-2.72871
6.74796	-3.96622	0.972062	-2.90497	6.74885	-3.96368	6.75	-3.95	0.909561	-2.72869
6.80285	-4.10804	0.96787	-2.60253	6.73758	-4.06653	6.8	-4.1	0.908566	-2.72568
6.85747	-4.25393	0.982076	-2.64379	6.85796	-4.25464	6.85	-4.25	0.908561	-2.72569
6.95427	-4.3997	1.82635	-2.75301	7.10395	-4.4909	6.95	-4.4	1.81821	-2.72732
7.04835	-4.5562	1.72526	-2.84728	7.04679	-4.55716	7.05	-4.55	1.81822	-2.72732
7.11722	-4.70502	1.1957	-2.65061	7.02393	-4.64459	7.1	-4.7	0.91085	-2.73253
7.14471	-4.85562	0.640163	-2.799	7.13435	-4.85502	7.15	-4.85	0.910837	-2.73251
7.20668	-4.95872	1.13781	-2.21318	7.24619	-4.97657	7.2	-4.95	1.00033	-2.00068
7.25656	-5.05162	1.07803	-1.94899	7.25317	-5.04605	7.25	-5.05	1.00033	-2.00066
7.34972	-5.18569	2.10213	-2.81452	7.22054	-5.09604	7.35	-5.2	1.9976	-2.9964
7.43991	-5.34417	1.85319	-3.11918	7.43604	-5.34825	7.45	-5.35	1.9976	-2.9964
7.50617	-5.46051	0.951646	-1.9932	7.40989	-5.38617	7.5	-5.45	0.908252	-1.8165
7.55715	-5.5678	0.934645	-1.95743	7.55662	-5.56714	7.55	-5.55	0.908244	-1.81648
7.63553	-5.70526	1.65791	-2.65073	7.39379	-5.52612	7.65	-5.7	1.81785	-2.72677
7.75705	-5.84268	2.10378	-2.47775	7.76459	-5.8425	7.75	-5.85	1.81785	-2.72677
7.80787	-5.96934	0.741226	-2.07624	7.84699	-6.00602	7.8	-5.95	0.909078	-1.81815
7.85858	-6.05168	0.926741	-1.58444	7.85921	-6.04502	7.85	-6.05	0.909073	-1.81815
7.94507	-6.17829	1.79302	-2.44698	7.89511	-6.1416	7.95	-6.2	1.8197	-2.72955
8.05166	-6.35113	1.85544	-3.0089	8.05619	-6.36041	8.05	-6.35	1.81969	-2.72953
8.15983	-6.49241	1.87933	-2.56376	8.2234	-6.53735	8.15	-6.5	1.8187	-2.72807
8.25555	-6.64613	1.75598	-2.7608	8.25446	-6.64851	8.25	-6.65	1.81869	-2.72804
8.31498	-6.76571	0.899974	-2.0318	8.32206	-6.77114	8.3	-6.75	0.908979	-1.81795
8.32836	-6.84884	0.42402	-1.65433	8.31728	-6.8399	8.35	-6.85	0.908979	-1.81795
8.37023	-6.98687	0.983279	-2.62476	8.2713	-6.91098	8.4	-7	0.909094	-2.72732
8.43733	-7.14884	1.14696	-2.86636	8.44183	-7.15372	8.45	-7.15	0.909102	-2.72732
8.54547	-7.27821	1.95277	-2.48598	8.54154	-7.25975	8.55	-7.3	1.81751	-2.72628
8.65515	-7.4597	1.93838	-3.12672	8.65899	-7.4699	8.65	-7.45	1.81752	-2.72628
8.72113	-7.58443	0.934542	-2.06241	8.83598	-7.68162	8.7	-7.55	0.908615	-1.81723
8.7715	-7.65136	0.962292	-1.40048	8.76769	-7.64094	8.75	-7.65	0.908607	-1.81721
8.85543	-7.7844	1.79238	-2.59097	8.77916	-7.72457	8.85	-7.8	1.8215	-2.73224
8.95486	-7.94696	1.78869	-2.87809	8.95669	-7.95155	8.95	-7.95	1.82148	-2.73221
9.00608	-8.11439	1.05872	-3.16306	9.1081	-8.22433	9	-8.1	0.999025	-2.99707
9.05755	-8.24864	1.06672	-2.8292	9.05476	-8.24211	9.05	-8.25	0.999015	-2.99704
9.09546	-8.3688	0.510351	-2.05354	9.13825	-8.4037	9.1	-8.35	0.908285	-1.81657
9.13893	-8.45463	0.740954	-1.66058	9.14025	-8.44981	9.15	-8.45	0.908268	-1.81655
9.2055	-8.57569	1.34404	-2.31436	9.22081	-8.59155	9.2	-8.6	0.91012	-2.73036
9.25247	-8.75205	0.939272	-3.01742	9.25031	-8.76071	9.25	-8.75	0.910112	-2.73033
9.30144	-8.90942	0.858462	-2.84459	9.30208	-8.90831	9.3	-8.9	0.909524	-2.72856
9.34623	-9.04966	0.835464	-2.62266	9.34431	-9.04587	9.35	-9.05	0.909524	-2.72856
9.40056	-9.19017	1.12249	-2.85443	9.39993	-9.18842	9.4	-9.2	0.999066	-2.99725
9.44501	-9.36472	0.932666	-3.29726	9.4452	-9.37195	9.45	-9.35	0.999075	-2.99724
9.51124	-9.50601	1.09322	-2.5754	9.48751	-9.46421	9.5	-9.5	0.909706	-2.7291
9.5546	-9.64908	0.861802	-2.60168	9.55098	-9.64789	9.55	-9.65	0.909706	-2.7291
9.60307	-9.78686	1.00809	-2.78742	9.57122	-9.75525	9.6	-9.8	1.00048	-3.00143
9.62896	-9.94036	0.665978	-2.99908	9.62408	-9.94149	9.65	-9.95	1.00046	-3.00141
9.67875	-10.0535	0.871564	-2.33205	9.61433	-9.96417	9.7	-10.05	0.998785	-1.99755
9.74244	-10.1527	1.15591	-2.08129	9.7457	-10.1502	9.75	-10.15	0.998775	-1.99754
9.75762	-10.2837	0.261681	-2.22573	9.77731	-10.3295	9.75	-10.3	0	-2.72851
9.76388	-10.4426	0.143159	-2.72689	9.76557	-10.4501	9.75	-10.45	0	-2.72849
9.79288	-10.6058	0.559664	-3.02313	9.89592	-10.7137	9.8	-10.6	0.909012	-2.72704
9.84729	-10.7553	0.88339	-2.7898	9.85066	-10.7537	9.85	-10.75	0.909012	-2.72703
9.84447	-10.9023	-0.0175962	-2.76658	9.84397	-10.9287	9.85	-10.9	0	-3.00318
9.85359	-11.048	0.110327	-2.85965	9.85693	-11.0512	9.85	-11.05	0	-3.00316
9.86538	-11.187	0.254157	-2.84172	9.74773	-11.0482	9.85	-11.2	0	-3.00013
9.84853	-11.3532	-0.156135	-3.17909	9.84407	-11.3565	9.85	-11.35	0	-3.00012
9.83959	-11.5176	-0.145053	-3.2992	9.79495	-11.4686	9.85	-11.5	0	-2.99592
9.84082	-11.6539	-0.0171006	-2.9093	9.83943	-11.6467	9.85	-11.65	0	-2.99592
9.81425	-11.7632	-0.667181	-1.80805	9.76634	-11.6976	9.8	-11.75	-0.908731	-1.81746
9.75328	-11.8552	-0.993768	-1.70629	9.74774	-11.8511	9.75	-11.85	-0.908731	-1.81746
9.69812	-11.9971	-0.878862	-2.63258	9.7856	-12.1262	9.7	-12	-0.909591	-2.72875
9.64536	-12.1451	-0.938563	-2.67722	9.64482	-12.1455	9.65	-12.15	-0.909582	-2.72873
9.58409	-12.3009	-1.08829	-2.82131	9.57233	-12.2948	9.6	-12.3	-0.908879	-2.72667
9.54735	-12.4561	-0.781227	-2.8191	9.55167	-12.4583	9.55	-12.45	-0.908879	-2.72665
9.45527	-12.5798	-1.76826	-2.05784	9.37132	-12.4833	9.45	-12.55	-1.82006	-1.82006
9.36163	-12.658	-1.7177	-1.59431	9.359	-12.6499	9.35	-12.65	-1.82005	-1.82005
9.23133	-12.7459	-2.51423	-1.63358	9.16109	-12.6848	9.2	-12.75	-3.00047	-2.00033
9.04084	-12.838	-3.37875	-1.80009	9.028	-12.8337	9.05	-12.85	-3.00048	-2.00033
8.90646	-12.9097	-2.4967	-1.43234	8.85918	-12.7953	8.95	-12.9	-1.81543	-0.907707
8.83314	-12.9678	-1.63776	-1.15418	8.84257	-12.9684	8.85	-12.95	-1.81542	-0.907708
8.71186	-13.0482	-2.14544	-1.42427	8.66865	-13.0114	8.7	-13.05	-2.73134	-1.82089
8.55794	-13.1435	-2.62706	-1.65387	8.55319	-13.1445	8.55	-13.15	-2.73135	-1.82089
8.38533	-13.1687	-3.54855	-0.323586	8.27267	-12.996	8.4	-13.15	-2.99683	0
8.2537	-13.1535	-2.9191	0.104262	8.25965	-13.1488	8.25	-13.15	-2.9968	0
8.11767	-13.1836	-2.33755	-0.775533	8.04571	-13.0646	8.1	-13.2	-2.72707	-0.909028
7.96127	-13.2476	-2.71223	-1.06366	7.95841	-13.2508	7.95	-13.25	-2.72705	-0.90902
7.79005	-13.2804	-3.20752	-0.414631	7.866	-13.4154	7.8	-13.25	-2.7295	0
7.62646	-13.2594	-3.03092	0.168389	7.62489	-13.249	7.65	-13.25	-2.7295	0
7.4849	-13.2587	-2.83115	-0.0226524	7.50783	-13.2944	7.5	-13.25	-2.99994	0
7.34292	-13.2504	-2.83151	0.0987674	7.3419	-13.2474	7.35	-13.25	-2.99994	0
7.19352	-13.2089	-2.82687	0.859572	7.19781	-13.1973	7.2	-13.2	-2.72698	0.908995
7.04786	-13.1602	-2.69365	0.878881	7.04935	-13.1606	7.05	-13.15	-2.72695	0.908987
6.86409	-13.1391	-3.22687	0.363201	6.79473	-13.0433	6.85	-13.15	-3.63709	0
6.65385	-13.1536	-3.67814	-0.102079	6.65123	-13.1604	6.65	-13.15	-3.63709	0
6.48331	-13.1199	-3.56933	0.752604	6.54115	-13.2079	6.5	-13.1	-3.0006	1.00018
6.34815	-13.0474	-2.95604	1.22693	6.35317	-13.0396	6.35	-13.05	-3.0006	1.00019
6.22559	-13.0332	-2.12033	-0.0308703	6.27012	-13.1139	6.25	-13.05	-1.81729	0
6.13918	-13.0427	-1.70616	-0.133111	6.14459	-13.0471	6.15	-13.05	-1.81729	0
6.00861	-12.9725	-2.53475	1.62443	5.99498	-12.9442	6	-12.95	-2.72861	1.81906
5.86652	-12.8502	-2.5633	2.06326	5.86379	-12.8408	5.85	-12.85	-2.72861	1.81907
5.71904	-12.7901	-2.79238	1.16828	5.73761	-12.8672	5.7	-12.8	-2.99988	0.999964
5.55469	-12.7458	-3.14587	0.970682	5.55118	-12.7486	5.55	-12.75	-2.99985	0.999954
5.42521	-12.7012	-2.65223	0.811996	5.45236	-12.7392	5.45	-12.7	-2.00001	1
5.34666	-12.6438	-1.88245	1.05952	5.35556	-12.6423	5.35	-12.65	-1.99998	0.999994
5.25713	-12.5528	-1.90756	1.92182	5.26451	-12.5511	5.25	-12.55	-1.99732	1.99733
5.14249	-12.4421	-2.17013	2.10306	5.13769	-12.4355	5.15	-12.45	-1.9973	1.9973
5.03442	-12.3405	-1.97479	1.84031	5.1317	-12.5744	5.05	-12.35	-1.8206	1.82059
4.94162	-12.242	-1.75445	1.80812	4.94432	-12.2438	4.95	-12.25	-1.82058	1.82058
4.85826	-12.0998	-1.81962	2.99341	4.89215	-12.1623	4.85	-12.1	-1.9998	2.99969
4.75278	-11.9566	-2.03104	2.90038	4.75047	-11.9578	4.75	-11.95	-1.9998	2.9997
4.66927	-11.8504	-1.60343	1.92924	4.6421	-11.7788	4.7	-11.85	-1.00002	2.00003
4.63155	-11.7497	-0.985208	2.01107	4.63967	-11.7513	4.65	-11.75	-1.00001	2.00002
4.57251	-11.6092	-1.26499	2.96786	4.58347	-11.632	4.6	-11.6	-0.998955	2.99688
4.55696	-11.4559	-0.565858	3.06217	4.56619	-11.4576	4.55	-11.45	-0.99896	2.99689
4.51086	-11.3016	-0.868232	3.11349	4.46846	-11.2092	4.5	-11.3	-1.00106	3.00319
4.46157	-11.1438	-0.953829	3.14033	4.46017	-11.1425	4.45	-11.15	-1.00106	3.00319
4.41518	-11.0316	-0.706223	1.79393	4.43672	-11.0976	4.45	-11.05	0	1.8168
4.42819	-10.9457	0.0512572	1.64234	4.43803	-10.9525	4.45	-10.95	0	1.81679
4.43736	-10.8052	0.0249019	2.92219	4.40556	-10.7068	4.45	-10.8	0	3.00139
4.45213	-10.6604	0.224478	2.91806	4.45507	-10.6618	4.45	-10.65	0	3.00138
4.45499	-10.5584	0.205179	1.92903	4.44716	-10.5583	4.45	-10.55	0	2.00041
4.45513	-10.4475	0.0654944	2.11163	4.45187	-10.4417	4.45	-10.45	0	2.00038
4.48821	-10.3142	0.519213	2.63407	4.45602	-10.2142	4.5	-10.3	0.999584	2.99875
4.54848	-10.1451	1.06988	3.16326	4.55349	-10.1343	4.55	-10.15	0.999574	2.99871
4.56807	-9.98681	0.431892	2.92904	4.56608	-10.005	4.55	-10	0	2.72717
4.56382	-9.83905	0.000925783	2.72507	4.55922	-9.84124	4.55	-9.85	0	2.72714
4.62689	-9.69039	1.0941	2.52747	4.62339	-9.6559	4.65	-9.7	1.8193	2.72895
4.73534	-9.53672	1.83712	2.77148	4.7439	-9.53522	4.75	-9.55	1.81929	2.72894
4.80382	-9.37655	1.37151	3.29184	4.74852	-9.27389	4.8	-9.4	1.00006	3.00019
4.8487	-9.23491	0.98185	2.95622	4.8446	-9.24095	4.85	-9.25	1.00005	3.00015
4.93828	-9.12533	1.82793	1.98437	4.98605	-9.20516	4.95	-9.15	2.00004	2.00005
5.02398	-9.02981	1.73591	1.92665	5.02283	-9.03066	5.05	-9.05	2.00004	2.00004
5.0894	-8.89251	1.19388	2.93335	5.12819	-8.95913	5.1	-8.9	0.999704	2.99911
5.14339	-8.73488	1.12025	3.07474	5.14109	-8.73073	5.15	-8.75	0.999689	2.99907
5.227	-8.62646	1.6742	1.76888	5.33883	-8.81618	5.25	-8.65	1.81848	1.81849
5.35454	-8.55785	2.189	1.40293	5.36408	-8.56805	5.35	-8.55	1.81846	1.81846
5.45357	-8.42143	1.79193	2.83582	5.38848	-8.31037	5.45	-8.4	2.00068	3.00103
5.54088	-8.25889	1.79023	3.11514	5.53874	-8.25196	5.55	-8.25	2.00066	3.00099
5.6423	-8.15001	2.21263	2.02028	5.56632	-8.04704	5.65	-8.15	1.99952	1.99953
5.74727	-8.05156	2.12163	1.9748	5.7459	-8.05196	5.75	-8.05	1.9995	1.9995
5.81561	-7.94973	1.39928	2.17394	5.78426	-7.91676	5.8	-7.95	0.999944	1.99989
5.85561	-7.87335	0.89338	1.66932	5.84978	-7.88144	5.85	-7.85	0.999939	1.99988
5.95668	-7.76295	1.88166	2.00895	5.92249	-7.69769	5.95	-7.75	1.99772	1.99772
6.04331	-7.65145	1.7848	2.1511	6.04031	-7.64732	6.05	-7.65	1.99771	1.9977
6.15399	-7.53917	2.03992	1.99078	6.16773	-7.55437	6.15	-7.55	1.8199	1.8199
6.24293	-7.44942	1.66402	1.67477	6.23866	-7.45306	6.25	-7.45	1.8199	1.81991
6.38714	-7.34847	2.82266	1.75069	6.25322	-7.17734	6.4	-7.35	2.99605	1.99736
6.54935	-7.25062	3.152	1.93567	6.55461	-7.24907	6.55	-7.25	2.99605	1.99736
6.66163	-7.19821	2.16162	1.08778	6.67172	-7.23041	6.65	-7.2	1.8206	0.910303
6.75254	-7.1541	1.72584	0.821098	6.74664	-7.15616	6.75	-7.15	1.8206	0.910298
6.8508	-7.06211	1.78723	1.78326	6.79888	-6.99594	6.85	-7.05	1.99848	1.99848
6.95101	-6.96301	1.96237	1.94525	6.95342	-6.96092	6.95	-6.95	1.99846	1.99846
7.09438	-6.86645	2.67302	1.63779	7.17955	-6.9446	7.1	-6.85	2.72688	1.81792
7.24989	-6.73555	2.85004	2.25222	7.24929	-6.7261	7.25	-6.75	2.72688	1.81792
7.35127	-6.64052	1.82909	1.91442	7.42782	-6.72337	7.35	-6.65	1.81821	1.81821
7.46047	-6.54547	1.93987	1.77658	7.46332	-6.54842	7.45	-6.55	1.81821	1.81821
7.54842	-6.49822	1.73541	0.887678	7.54452	-6.5069	7.55	-6.5	1.81726	0.908632
7.65111	-6.46153	1.82257	0.718468	7.65373	-6.46481	7.65	-6.45	1.81726	0.908632
7.79413	-6.40636	2.60644	0.886662	7.8635	-6.45394	7.8	-6.4	2.72951	0.909839
7.9413	-6.34688	2.67715	1.05095	7.94162	-6.34466	7.95	-6.35	2.72948	0.909826
8.05459	-6.24857	2.12811	1.96316	7.89525	-6.11857	8.05	-6.25	2.00047	2.00048
8.13272	-6.14703	1.73953	1.96434	8.12355	-6.14389	8.15	-6.15	2.00048	2.00048
8.27278	-6.03406	2.63019	1.91096	8.31422	-6.05705	8.3	-6.05	2.72702	1.81801
8.44381	-5.96235	2.97209	1.44129	8.45315	-5.97158	8.45	-5.95	2.727	1.818
8.54918	-5.9056	2.11048	1.30547	8.53167	-5.90349	8.55	-5.9	2.00127	1.00064
8.64541	-5.83581	1.99089	1.3581	8.64207	-5.83392	8.65	-5.85	2.00128	1.00064
8.77968	-5.75919	2.68613	1.41276	8.88764	-5.82241	8.8	-5.75	2.99963	1.99976
8.9376	-5.65271	3.06238	1.98353	8.94256	-5.64534	8.95	-5.65	2.99961	1.99974
9.06054	-5.54679	2.32214	2.24194	9.21669	-5.64514	9.05	-5.55	1.99699	1.997
9.15841	-5.4501	2.04901	1.98369	9.15342	-5.45253	9.15	-5.45	1.997	1.99701
9.26132	-5.34864	1.8908	1.85957	9.16723	-5.29709	9.25	-5.35	1.8166	1.81659
9.35261	-5.23857	1.71762	1.96306	9.34852	-5.23619	9.35	-5.25	1.8166	1.81659
9.45015	-5.13593	1.82107	1.85378	9.39027	-5.1041	9.45	-5.15	1.8222	1.82219
9.54331	-5.04545	1.71687	1.6788	9.54207	-5.04728	9.55	-5.05	1.82219	1.82219
9.63048	-5.01209	1.89858	0.770486	9.62802	-5.02338	9.65	-5	1.99604	0.998028
9.74519	-4.94755	2.19132	1.18566	9.75	-4.94288	9.75	-4.95	1.99605	0.998028
9.84599	-4.84999	1.65724	1.8135	9.88102	-4.86216	9.85	-4.85	1.81895	1.81894
9.94278	-4.76021	1.72885	1.66961	9.94502	-4.76247	9.95	-4.75	1.81894	1.81894
10.0433	-4.62103	1.71476	2.47664	10.0747	-4.62454	10.05	-4.6	1.81966	2.72951
10.1394	-4.4582	1.76141	2.87624	10.1384	-4.4533	10.15	-4.45	1.81965	2.72948
10.2319	-4.34294	1.79045	2.14876	10.1743	-4.32841	10.25	-4.35	1.81908	1.81907
10.3438	-4.25362	1.95164	1.73001	10.3492	-4.25956	10.35	-4.25	1.81908	1.81907
10.4432	-4.12423	1.8463	2.48153	10.56	-4.15868	10.45	-4.1	2.00061	3.0009
10.552	-3.96656	2.09413	3.00468	10.5557	-3.96034	10.55	-3.95	2.0006	3.0009
10.6634	-3.84423	2.29131	2.51869	10.7738	-3.89129	10.65	-3.85	1.99963	1.99964
10.7486	-3.74442	1.88081	2.09736	10.7394	-3.74821	10.75	-3.75	1.99962	1.99962
10.8027	-3.60158	0.861315	2.83916	10.7674	-3.58281	10.8	-3.6	0.999844	2.99952
10.8568	-3.43854	1.02232	3.1658	10.8596	-3.4348	10.85	-3.45	0.999834	2.99949
10.9426	-3.34039	1.96988	2.07189	10.9601	-3.36033	10.95	-3.35	2.00065	2.00064
11.0474	-3.24855	2.04613	1.8991	11.0504	-3.25128	11.05	-3.25	2.00064	2.00064
11.1033	-3.10583	0.866687	2.79362	11.0282	-3.07488	11.1	-3.1	0.998546	2.99563
11.1548	-2.94732	0.984535	3.08014	11.1569	-2.944	11.15	-2.95	0.998526	2.9956
11.1669	-2.7909	0.0549173	2.93933	11.1386	-2.78926	11.15	-2.8	0	2.73104
11.1473	-2.6485	-0.259434	2.64463	11.141	-2.65084	11.15	-2.65	0	2.73102
11.1403	-2.5428	-0.0271931	1.98094	11.1042	-2.54354	11.15	-2.55	0	1.81785
11.1467	-2.45528	0.0681634	1.66295	11.1497	-2.45904	11.15	-2.45	0	1.81785
11.2271	-2.29479	1.77453	2.82138	11.1658	-2.25651	11.25	-2.25	1.99733	3.99465
11.3498	-2.06744	2.25448	4.15423	11.3591	-2.05184	11.35	-2.05	1.99733	3.99465
11.3871	-1.91244	0.364146	3.05846	11.3117	-1.92025	11.35	-1.95	0	1.81854
11.3622	-1.85045	-0.273652	1.45452	11.3504	-1.8663	11.35	-1.85	0	1.81853
11.3702	-1.70885	0.168243	2.43041	11.4185	-1.70062	11.35	-1.7	0	2.72762
11.3627	-1.53831	-0.0420993	2.97876	11.3568	-1.53205	11.35	-1.55	0	2.72762
11.3209	-1.38788	-0.90681	2.79217	11.2541	-1.38373	11.3	-1.4	-0.908846	2.72653
11.2494	-1.24157	-1.1936	2.67553	11.2429	-1.24238	11.25	-1.25	-0.908846	2.72653
11.1649	-1.09564	-1.59463	2.6682	11.0754	-1.08747	11.15	-1.1	-1.82014	2.73021
11.06	-0.930305	-1.81894	2.94796	11.0544	-0.927069	11.05	-0.949999	-1.82013	2.73021
10.9901	-0.793565	-1.2929	2.762	10.9247	-0.791254	11	-0.799999	-1.00036	3.00107
10.9386	-0.642818	-1.12449	2.9638	10.9434	-0.640459	10.95	-0.65	-1.00035	3.00104
10.8412	-0.492039	-2.08798	3.02017	10.7146	-0.485949	10.85	-0.5	-2.00003	3.00006
10.7442	-0.358925	-1.99553	2.74139	10.7471	-0.362528	10.75	-0.35	-2.00002	3.00003
10.6439	-0.286737	-1.77523	1.47867	10.6895	-0.304531	10.65	-0.3	-1.81779	0.908892
10.5468	-0.257806	-1.77078	0.662567	10.547	-0.266677	10.55	-0.25	-1.81778	0.908893
10.4149	-0.166179	-2.83748	1.6201	10.5032	-0.154501	10.4	-0.15	-3.00061	2.00041
10.2552	-0.0540279	-3.05927	2.11495	10.2485	-0.0475524	10.25	-0.0499992	-3.0006	2.00041
10.1475	-0.0491772	-1.95197	0.473106	10.1407	-0.0721585	10.15	-0.0499992	-1.99645	0
10.0365	-0.0471815	-2.12339	0.121347	10.0313	-0.0518611	10.05	-0.0499992	-1.99644	0
9.90208	-0.00755444	-2.59667	0.650508	10.0898	-0.00166396	9.9	9.49949e-007	-2.73175	0.910584
9.74999	0.0436743	-2.72491	0.899129	9.74695	0.0464954	9.75	0.0500011	-2.73174	0.910584
9.59985	0.0848622	-3.02122	0.836421	9.50402	0.0833188	9.6	0.100001	-2.99544	0.998471
9.45558	0.145295	-2.93313	1.14274	9.45825	0.149456	9.45	0.15	-2.99545	0.998471
9.33617	0.17014	-1.93137	0.541634	9.22819	0.16178	9.35	0.15	-1.81963	0
9.2412	0.149477	-1.77767	-0.289914	9.24456	0.139817	9.25	0.15	-1.81962	0
9.10369	0.196133	-2.9168	0.694507	9.0729	0.205961	9.1	0.2	-3.00059	1.0002
8.96145	0.247104	-2.87288	0.968508	8.96281	0.250937	8.95	0.25	-3.0006	1.0002
8.81687	0.26246	-2.91054	0.430821	8.84168	0.257617	8.8	0.25	-2.99995	0
8.66044	0.25302	-3.0472	-0.0992249	8.65606	0.24536	8.65	0.25	-2.99994	0
8.5149	0.249344	-2.84967	-0.0757797	8.43549	0.247188	8.5	0.25	-2.99323	0
8.35021	0.249781	-3.13352	0.000757208	8.34184	0.250769	8.35	0.25	-2.9932	0
8.20136	0.242913	-2.6176	-0.105472	8.27073	0.243988	8.2	0.25	-2.73233	0
8.04306	0.256581	-2.81691	0.234505	8.03847	0.260731	8.05	0.25	-2.73234	0
7.90343	0.21027	-2.82854	-0.703611	7.98053	0.204587	7.9	0.2	-3.00234	-1.00078
7.74119	0.154786	-3.0887	-1.06558	7.73327	0.149199	7.75	0.15	-3.00231	-1.00077
7.58401	0.141176	-3.10872	-0.420799	7.46173	0.143776	7.6	0.15	-2.99599	0
7.44728	0.142893	-2.8659	-0.00593847	7.45455	0.149294	7.45	0.15	-2.99596	0
7.33536	0.0991836	-1.82242	-0.693847	7.37986	0.0951006	7.35	0.100001	-1.81801	-0.908998
7.25942	0.0561435	-1.49368	-0.784803	7.26713	0.055036	7.25	0.0500011	-1.81801	-0.908998
7.12629	-0.0403714	-2.71849	-1.63274	7.32548	-0.0461763	7.1	-0.0499995	-2.72495	-1.81664
6.94197	-0.132758	-3.1756	-1.67748	6.93127	-0.133333	6.95	-0.15	-2.72492	-1.81662
6.8644	-0.253115	-1.03852	-2.14242	7.09668	-0.264116	6.9	-0.25	-0.910634	-1.82126
6.83842	-0.348315	-0.625948	-1.71812	6.84796	-0.34284	6.85	-0.35	-0.910622	-1.82124
6.70406	-0.452367	-3.04804	-1.96374	6.64638	-0.45061	6.7	-0.45	-2.99641	-1.99759
6.54879	-0.540013	-3.07757	-1.76092	6.54772	-0.536719	6.55	-0.549999	-2.99637	-1.99757
6.45994	-0.707498	-1.17962	-2.94913	6.50462	-0.718	6.5	-0.7	-0.909955	-2.72986
6.4403	-0.855113	-0.560176	-2.65175	6.45451	-0.851695	6.45	-0.85	-0.909955	-2.72986
6.40057	-0.994843	-0.835982	-2.75218	6.42547	-0.999512	6.4	-1	-0.999224	-2.99766
6.35612	-1.15515	-0.892731	-3.19264	6.3554	-1.1624	6.35	-1.15	-0.99921	-2.99763
6.29654	-1.31177	-1.1123	-2.87816	6.14523	-1.27904	6.3	-1.3	-0.908722	-2.72618
6.23134	-1.45724	-1.15288	-2.63904	6.2299	-1.45381	6.25	-1.45	-0.908718	-2.72616
6.26033	-1.58253	0.843745	-2.46234	6.37158	-1.60661	6.3	-1.6	0.910485	-2.73144
6.33553	-1.74401	1.19606	-2.91665	6.34473	-1.75136	6.35	-1.75	0.910481	-2.73144
6.34953	-1.89133	0.137352	-2.84404	6.34	-1.88987	6.35	-1.9	0	-2.99515
6.35773	-2.03761	0.147605	-2.914	6.35828	-2.03886	6.35	-2.05	0	-2.99515
6.36006	-2.20288	3.08692e-005	-2.97628	6.45002	-2.23466	6.35	-2.2	0	-2.72856
6.34552	-2.34632	-0.171246	-2.63071	6.34057	-2.34076	6.35	-2.35	0	-2.72854
6.37976	-2.51496	0.80035	-3.11575	6.4979	-2.56206	6.4	-2.5	0.908227	-2.7247
6.44652	-2.65749	1.1698	-2.55322	6.45265	-2.65056	6.45	-2.65	0.908223	-2.72467
6.45349	-2.80262	-0.0693066	-2.48795	6.46538	-2.81029	6.45	-2.8	0	-2.72732
6.45579	-2.93979	0.0154503	-2.48245	6.45762	-2.94003	6.45	-2.95	0	-2.7273
6.48107	-3.13926	0.745371	-3.64208	6.36717	-3.08903	6.5	-3.15	0.909078	-3.6363
6.53863	-3.33879	0.980495	-3.59588	6.54349	-3.33906	6.55	-3.35	0.90907	-3.63626
6.58668	-3.50575	0.750419	-3.03739	6.6454	-3.53435	6.6	-3.5	0.910038	-2.7301
6.6498	-3.67046	1.06594	-2.9574	6.65608	-3.67065	6.65	-3.65	0.910033	-2.7301
6.70133	-3.81646	0.862375	-2.63928	6.70981	-3.81998	6.7	-3.8	0.908095	-2.7243
6.7453	-3.95966	0.816511	-2.61067	6.74422	-3.95901	6.75	-3.95	0.908091	-2.72428
6.78879	-4.09265	0.777933	-2.43636	6.72525	-4.05329	6.8	-4.1	0.910949	-2.73284
6.83599	-4.24879	0.798038	-2.79651	6.83817	-4.25449	6.85	-4.25	0.910945	-2.73284
6.88115	-4.34428	0.764089	-2.00544	6.86491	-4.32753	6.9	-4.35	0.999834	-1.99968
6.94108	-4.45088	1.05457	-2.05872	6.94879	-4.45387	6.95	-4.45	0.999829	-1.99966
7.01743	-4.59017	1.7096	-2.82305	6.99339	-4.57763	7.05	-4.6	1.99653	-2.99479
7.13195	-4.75701	2.06814	-3.17479	7.14339	-4.76622	7.15	-4.75	1.99653	-2.99479
7.20582	-4.85782	1.23899	-1.99973	7.11889	-4.79341	7.2	-4.85	1.00098	-2.00196
7.26146	-4.94988	1.16569	-1.8878	7.25883	-4.94719	7.25	-4.95	1.00097	-2.00194
7.30544	-5.09814	0.900589	-2.63958	7.28536	-5.09276	7.3	-5.1	0.90969	-2.72906
7.34245	-5.24851	0.710752	-2.74163	7.33925	-5.24908	7.35	-5.25	0.909677	-2.72904
7.43696	-5.38707	1.9934	-3.00357	7.33914	-5.30864	7.45	-5.4	1.99976	-2.99964
7.54604	-5.54944	2.10063	-3.17255	7.5499	-5.55354	7.55	-5.55	1.99976	-2.99964
7.61148	-5.66218	1.08197	-2.14838	7.59167	-5.64447	7.6	-5.65	1.00038	-2.00076
7.65149	-5.74238	0.930368	-1.75728	7.64483	-5.73357	7.65	-5.75	1.00037	-2.00074
7.7296	-5.88184	1.66127	-2.66898	7.6402	-5.81769	7.75	-5.9	1.81659	-2.7249
7.83825	-6.0459	1.88813	-2.90807	7.84396	-6.051	7.85	-6.05	1.81659	-2.7249
7.90774	-6.15134	1.01399	-1.78458	7.91394	-6.15143	7.9	-6.15	0.909251	-1.81851
7.95247	-6.25827	0.845587	-1.93003	7.95018	-6.25957	7.95	-6.25	0.909247	-1.81849
8.05272	-6.35242	1.873	-1.87101	8.10134	-6.38026	8.05	-6.35	1.81576	-1.81577
8.15818	-6.45767	1.90283	-1.90076	8.15891	-6.45832	8.15	-6.45	1.81577	-1.81577
8.2624	-6.58748	1.95616	-2.35322	8.3424	-6.65648	8.25	-6.6	1.8218	-2.73269
8.33888	-6.74266	1.48898	-2.77177	8.33273	-6.74641	8.35	-6.75	1.8218	-2.73269
8.39523	-6.89695	0.955931	-2.69786	8.46635	-6.96022	8.4	-6.9	0.907987	-2.72401
8.44492	-7.04047	0.920056	-2.62772	8.44383	-7.03914	8.45	-7.05	0.907988	-2.72398
8.49428	-7.19745	0.924221	-2.84895	8.53661	-7.23635	8.5	-7.2	0.910054	-2.73014
8.55447	-7.36516	1.04437	-3.00065	8.55761	-7.36836	8.55	-7.35	0.910046	-2.73012
8.65032	-7.46633	1.74419	-2.19728	8.70486	-7.48959	8.65	-7.45	1.99827	-1.99828
8.75349	-7.55865	1.98729	-1.92572	8.7565	-7.55536	8.75	-7.55	1.99828	-1.99828
8.81455	-7.70708	1.18375	-2.58247	8.74707	-7.66927	8.8	-7.7	0.909061	-2.72717
8.85578	-7.85461	0.842568	-2.6782	8.85031	-7.85391	8.85	-7.85	0.909053	-2.72715
8.91113	-7.9958	1.0089	-2.59978	8.88546	-7.96913	8.9	-8	0.908945	-2.72688
8.9525	-8.16031	0.794938	-2.91441	8.95085	-8.16397	8.95	-8.15	0.908953	-2.72687
9.04105	-8.26836	1.50901	-2.07447	9.03618	-8.239	9.05	-8.25	1.82026	-1.82027
9.14823	-8.35271	1.86769	-1.6417	9.15149	-8.34807	9.15	-8.35	1.82025	-1.82026
9.21814	-8.48783	1.60742	-2.61666	9.14011	-8.44049	9.2	-8.5	0.999884	-2.99963
9.24197	-8.64841	0.805142	-3.08929	9.22902	-8.65053	9.25	-8.65	0.999874	-2.9996
9.29573	-8.78769	1.0394	-2.85464	9.23666	-8.722	9.3	-8.8	0.999284	-2.99783
9.35911	-8.94616	1.18138	-3.06174	9.36398	-8.95164	9.35	-8.95	0.999284	-2.99784
9.4048	-9.07384	0.631553	-2.17605	9.47823	-9.13791	9.4	-9.05	0.909209	-1.81844
9.43958	-9.16413	0.644524	-1.76637	9.43696	-9.1575	9.45	-9.15	0.90921	-1.81843
9.48352	-9.29924	0.946933	-2.53758	9.44585	-9.27158	9.5	-9.3	0.908483	-2.72543
9.53751	-9.44944	0.966982	-2.68134	9.53884	-9.45193	9.55	-9.45	0.908475	-2.72542
9.59594	-9.59348	1.02948	-2.60534	9.6872	-9.68187	9.6	-9.6	0.909756	-2.72927
9.668	-9.75293	1.23239	-2.82043	9.67284	-9.75791	9.65	-9.75	0.909739	-2.72923
9.71723	-9.90913	0.992515	-3.02778	9.86489	-10.0711	9.7	-9.9	0.998626	-2.99586
9.75208	-10.0509	0.801335	-2.90816	9.74713	-10.0467	9.75	-10.05	0.998616	-2.99584
9.76474	-10.1966	0.138464	-2.51443	9.75497	-10.1932	9.75	-10.2	0	-2.72857
9.74959	-10.3594	-0.178257	-2.85667	9.74697	-10.3629	9.75	-10.35	0	-2.72854
9.79557	-10.4968	0.838375	-2.66984	9.77249	-10.4428	9.8	-10.5	0.909773	-2.7293
9.85892	-10.6444	1.07104	-2.67661	9.86261	-10.6462	9.85	-10.65	0.909773	-2.7293
9.86403	-10.7946	0.0455701	-2.55042	9.86786	-10.8223	9.85	-10.8	0	-2.72846
9.84863	-10.9411	-0.196802	-2.63907	9.8455	-10.9408	9.85	-10.95	0	-2.72844
9.84396	-11.0945	-0.0525805	-2.8241	9.84594	-11.0973	9.85	-11.1	0	-2.72748
9.83651	-11.2488	-0.113353	-2.81059	9.83549	-11.2481	9.85	-11.25	0	-2.72745
9.83711	-11.3981	0.0239927	-2.99258	9.8926	-11.4631	9.85	-11.4	0	-2.9967
9.86365	-11.5623	0.351647	-3.16712	9.87136	-11.5692	9.85	-11.55	0	-2.99671
9.84902	-11.7094	-0.409421	-2.47719	9.89882	-11.7746	9.8	-11.7	-0.909227	-2.72768
9.7591	-11.8645	-1.31778	-2.7308	9.74749	-11.8623	9.75	-11.85	-0.909218	-2.72765
9.72091	-11.9968	-0.740838	-2.47181	9.75738	-12.0161	9.7	-12	-0.908714	-2.72613
9.65693	-12.1495	-1.05234	-2.69785	9.65408	-12.1513	9.65	-12.15	-0.908706	-2.7261
9.60585	-12.2637	-1.03329	-2.03279	9.60373	-12.2428	9.6	-12.25	-0.909639	-1.81931
9.544	-12.3435	-1.09566	-1.60837	9.54006	-12.3354	9.55	-12.35	-0.90964	-1.8193
9.45563	-12.433	-1.59511	-1.56456	9.38815	-12.3607	9.45	-12.45	-1.81824	-1.81825
9.35193	-12.5353	-1.80935	-1.78207	9.35049	-12.5377	9.35	-12.55	-1.81823	-1.81823
9.2145	-12.6435	-2.51948	-1.80777	9.33568	-12.8372	9.2	-12.65	-2.72578	-1.81718
9.05072	-12.7527	-2.85421	-1.93987	9.04708	-12.7528	9.05	-12.75	-2.72576	-1.81717
8.9552	-12.8343	-1.80947	-1.61673	8.97697	-12.8161	8.95	-12.85	-1.8192	-1.81921
8.84883	-12.939	-1.90357	-1.82753	8.84904	-12.9423	8.85	-12.95	-1.81921	-1.81921
8.71554	-13.0357	-2.41687	-1.68837	8.64934	-12.9537	8.7	-13.05	-2.72781	-1.81854
8.55157	-13.1476	-2.8316	-1.94385	8.5479	-13.1496	8.55	-13.15	-2.7278	-1.81853
8.3756	-13.1854	-3.42144	-0.413105	8.43462	-13.263	8.4	-13.15	-2.72644	0
8.25345	-13.1559	-2.53717	0.285572	8.26001	-13.1483	8.25	-13.15	-2.72641	0
8.11525	-13.1525	-2.70838	0.0827173	8.10139	-13.1447	8.1	-13.15	-3.00083	0
7.95527	-13.1587	-3.04361	-0.0627663	7.95138	-13.1593	7.95	-13.15	-3.00084	0
7.80468	-13.1908	-2.66394	-0.704356	7.85182	-13.2702	7.8	-13.2	-2.72553	-0.908516
7.64108	-13.259	-2.89439	-1.10337	7.64076	-13.2654	7.65	-13.25	-2.72554	-0.908516
7.47483	-13.2451	-3.23861	0.511115	7.51359	-13.2891	7.5	-13.2	-2.72544	0.908483
7.35352	-13.1538	-2.46509	1.35803	7.35762	-13.1417	7.35	-13.15	-2.72544	0.908483
7.1903	-13.1449	-2.77857	0.0577288	7.19553	-13.2012	7.2	-13.15	-2.73035	0
7.05007	-13.1524	-2.61343	-0.0830114	7.05296	-13.1563	7.05	-13.15	-2.73035	0
6.86297	-13.1534	-3.39312	0.131306	6.87644	-13.2105	6.85	-13.15	-3.63616	0
6.67309	-13.1387	-3.43524	0.230241	6.672	-13.1364	6.65	-13.15	-3.63617	0
6.52958	-13.1435	-2.59362	-0.26865	6.53838	-13.1322	6.55	-13.15	-1.81656	0
6.4581	-13.1545	-1.62582	-0.20437	6.46904	-13.1587	6.45	-13.15	-1.81657	0
6.30298	-13.1318	-2.83956	0.660363	6.22921	-13.0167	6.3	-13.1	-2.73109	0.910352
6.15902	-13.045	-2.66402	1.33534	6.15723	-13.0319	6.15	-13.05	-2.73109	0.91036
5.99429	-12.9519	-3.01312	1.77687	5.95573	-12.8757	6	-12.95	-2.72331	1.81553
5.85385	-12.8435	-2.66089	1.92417	5.85711	-12.8423	5.85	-12.85	-2.72331	1.81554
5.70181	-12.7827	-2.66176	0.997104	5.73901	-12.8863	5.7	-12.8	-2.72842	0.909475
5.55459	-12.7496	-2.6811	0.707213	5.5559	-12.7556	5.55	-12.75	-2.72839	0.909466
5.40162	-12.668	-2.88713	1.66255	5.41889	-12.6989	5.4	-12.65	-2.731	1.82067
5.23893	-12.5535	-2.93607	1.9695	5.23681	-12.5467	5.25	-12.55	-2.731	1.82066
5.1297	-12.4459	-2.05208	1.85121	5.16911	-12.5003	5.15	-12.45	-1.81821	1.8182
5.04476	-12.3511	-1.66408	1.76652	5.04959	-12.3548	5.05	-12.35	-1.8182	1.8182
4.95901	-12.2537	-1.74389	2.01008	4.99996	-12.3538	4.95	-12.25	-1.99957	1.99957
4.87055	-12.1446	-1.75575	2.11885	4.86969	-12.1416	4.85	-12.15	-1.99954	1.99955
4.82484	-12.0441	-1.01001	1.87765	4.83937	-12.0439	4.8	-12.05	-0.999954	1.99993
4.77416	-11.9386	-1.00547	2.03015	4.77326	-11.9345	4.75	-11.95	-0.999959	1.99992
4.65833	-11.8118	-2.19703	2.75475	4.5839	-11.6711	4.65	-11.8	-2.0002	3.00031
4.54448	-11.6444	-2.23659	3.14268	4.54148	-11.6336	4.55	-11.65	-2.0002	3.0003
4.50708	-11.5322	-0.827803	1.90572	4.53697	-11.5591	4.55	-11.55	0	1.99749
4.53728	-11.4464	0.215587	1.82647	4.55238	-11.4548	4.55	-11.45	0	1.99746
4.50274	-11.2665	-0.764968	3.69253	4.47604	-11.2089	4.5	-11.25	-0.90916	3.63662
4.4573	-11.0561	-0.811188	3.79038	4.45629	-11.0538	4.45	-11.05	-0.909152	3.63659
4.42722	-10.9428	-0.332542	1.65997	4.39651	-10.8822	4.45	-10.95	0	1.81807
4.45105	-10.8613	0.281231	1.55483	4.45899	-10.8664	4.45	-10.85	0	1.81808
4.4631	-10.7266	0.0967484	2.6576	4.493	-10.7885	4.45	-10.7	0	2.72865
4.44568	-10.5612	-0.226144	2.90217	4.44058	-10.5544	4.45	-10.55	0	2.72864
4.44919	-10.4123	0.0751892	2.61938	4.44399	-10.3941	4.45	-10.4	0	2.72392
4.44352	-10.252	-0.0596311	2.82896	4.44086	-10.2469	4.45	-10.25	0	2.72391
4.48511	-10.0978	0.698557	2.7178	4.53204	-10.1814	4.5	-10.1	0.909624	2.72885
4.54416	-9.94656	1.00973	2.75908	4.54793	-9.94716	4.55	-9.95	0.909615	2.72884
4.61178	-9.79127	1.22076	2.77805	4.57622	-9.70975	4.6	-9.8	0.909111	2.72733
4.64927	-9.64009	0.772544	2.73032	4.64364	-9.63888	4.65	-9.65	0.909107	2.72732
4.72874	-9.4894	1.40172	2.66461	4.76628	-9.54952	4.75	-9.5	1.81921	2.7288
4.82302	-9.36373	1.64369	2.39794	4.82761	-9.37054	4.85	-9.35	1.81921	2.7288
4.90867	-9.20603	1.49188	2.95231	4.89701	-9.18082	4.9	-9.2	0.908739	2.72622
4.95006	-9.04331	0.875004	2.914	4.94177	-9.04086	4.95	-9.05	0.908743	2.72623
5.01807	-8.9334	1.34683	1.83069	5.09012	-9.06486	5.05	-8.95	1.8169	1.81688
5.13013	-8.8403	1.91669	1.76853	5.1385	-8.8446	5.15	-8.85	1.81688	1.81688
5.24473	-8.70115	1.96742	2.60394	5.21345	-8.63875	5.25	-8.7	1.8201	2.73014
5.34143	-8.55014	1.80333	2.70031	5.33853	-8.54729	5.35	-8.55	1.82008	2.73013
5.40143	-8.44219	1.23795	1.96292	5.35874	-8.39385	5.4	-8.45	0.910244	1.82049
5.4624	-8.35534	1.10564	1.66146	5.46213	-8.36055	5.45	-8.35	0.910249	1.8205
5.54805	-8.22265	1.46967	2.65376	5.63723	-8.3352	5.55	-8.2	1.99657	2.99484
5.63642	-8.06628	1.73241	3.00062	5.63863	-8.05978	5.65	-8.05	1.99657	2.99485
5.76085	-7.93284	2.40116	2.21555	5.69655	-7.84304	5.75	-7.95	1.81871	1.81872
5.85105	-7.84526	1.72028	1.67073	5.84353	-7.85177	5.85	-7.85	1.81871	1.81871
5.97711	-7.74247	2.27528	1.77845	5.9537	-7.7033	6	-7.75	2.72961	1.81974
6.13593	-7.6572	2.76768	1.65013	6.14453	-7.66253	6.15	-7.65	2.72961	1.81974
6.25901	-7.54758	2.36832	2.27252	6.27	-7.55894	6.25	-7.55	1.9992	1.9992
6.34676	-7.44184	1.89685	2.10303	6.3386	-7.44193	6.35	-7.45	1.99918	1.99918
6.45304	-7.33663	1.97564	1.88322	6.44365	-7.32743	6.45	-7.35	1.81911	1.81911
6.55081	-7.25269	1.78776	1.58267	6.54947	-7.257	6.55	-7.25	1.81909	1.81909
6.65353	-7.16647	2.00479	1.69607	6.71635	-7.22979	6.65	-7.15	1.99996	1.99996
6.75482	-7.04355	2.09082	2.24386	6.7522	-7.03215	6.75	-7.05	1.99996	1.99996
6.84929	-6.98532	2.112	1.17486	6.81357	-6.96259	6.85	-7	1.99752	0.998765
6.95111	-6.93377	2.04197	1.0617	6.95051	-6.93564	6.95	-6.95	1.99752	0.998765
7.08278	-6.84749	2.3508	1.51318	7.00414	-6.76319	7.1	-6.85	2.73035	1.82023
7.24731	-6.75561	2.88549	1.68927	7.25571	-6.75585	7.25	-6.75	2.73035	1.82023
7.36327	-6.65875	2.28637	2.01896	7.28718	-6.59248	7.35	-6.65	2.0006	2.0006
7.44105	-6.55305	1.77258	2.02016	7.42947	-6.54884	7.45	-6.55	2.00058	2.00058
7.5429	-6.4925	2.19466	1.18198	7.58756	-6.53752	7.55	-6.5	1.99841	0.999204
7.65217	-6.44108	2.17407	1.06635	7.65263	-6.44325	7.65	-6.45	1.99838	0.999195
7.79737	-6.39141	2.95753	0.849235	7.78988	-6.37954	7.8	-6.4	2.99952	0.999844
7.95468	-6.34135	3.104	0.97759	7.95705	-6.33998	7.95	-6.35	2.99949	0.999829
8.05955	-6.26008	1.63003	1.74069	8.1289	-6.31809	8.05	-6.25	1.81603	1.81603
8.15229	-6.14605	1.69266	2.01475	8.15184	-6.14215	8.15	-6.15	1.81603	1.81603
8.25191	-6.03981	1.88072	1.8818	8.12981	-5.95044	8.25	-6.05	1.81921	1.81921
8.34918	-5.95022	1.777	1.66807	8.34844	-5.95288	8.35	-5.95	1.81921	1.81921
8.48913	-5.89207	2.76435	0.914714	8.45627	-5.87026	8.5	-5.9	2.729	0.909673
8.64475	-5.8374	2.82141	0.98477	8.64546	-5.83668	8.65	-5.85	2.72898	0.909661
8.79113	-5.75698	2.59291	1.46303	8.68227	-5.68169	8.8	-5.75	2.72771	1.81848
8.94867	-5.66224	2.81752	1.69277	8.95179	-5.66017	8.95	-5.65	2.72772	1.81848
9.05954	-5.56084	2.12968	2.08837	8.99196	-5.51961	9.05	-5.55	1.99939	1.9994
9.15583	-5.45475	1.9937	2.09745	9.15234	-5.45358	9.15	-5.45	1.9994	1.9994
9.25032	-5.39846	1.8509	1.09135	9.25593	-5.41629	9.25	-5.4	1.81776	0.90888
9.34757	-5.33705	1.78792	1.10757	9.3462	-5.33648	9.35	-5.35	1.81776	0.908875
9.43143	-5.21155	1.3176	2.27141	9.35852	-5.15981	9.45	-5.2	1.81545	2.72317
9.54534	-5.072	1.89998	2.52764	9.55586	-5.07162	9.55	-5.05	1.81542	2.72314
9.65979	-4.93894	2.14995	2.39101	9.60543	-4.91132	9.65	-4.95	1.82145	1.82147
9.75664	-4.83442	1.83539	1.97072	9.75218	-4.8384	9.75	-4.85	1.82146	1.82146
9.8497	-4.76094	1.7065	1.41509	10.0131	-4.84834	9.85	-4.75	1.81961	1.8196
9.95492	-4.6639	1.87892	1.71351	9.9571	-4.66087	9.95	-4.65	1.8196	1.8196
10.0579	-4.55284	2.02547	2.12398	9.99978	-4.51909	10.05	-4.55	1.99827	1.99828
10.1571	-4.4379	2.00706	2.25153	10.1558	-4.43582	10.15	-4.45	1.99826	1.99826
10.2527	-4.29759	1.66434	2.55847	10.1567	-4.25503	10.25	-4.3	1.81693	2.72538
10.3338	-4.16587	1.51389	2.41486	10.3312	-4.16698	10.35	-4.15	1.81692	2.72536
10.4326	-4.06333	1.94417	1.86143	10.3715	-4.04505	10.45	-4.05	1.81951	1.8195
10.5522	-3.94404	2.12772	2.12507	10.5551	-3.94162	10.55	-3.95	1.8195	1.81951
10.6529	-3.84643	1.81159	1.83619	10.6459	-3.84961	10.65	-3.85	1.81817	1.81818
10.7475	-3.74569	1.74354	1.82894	10.746	-3.7455	10.75	-3.75	1.81816	1.81817
10.8487	-3.61886	1.77676	2.26442	10.9384	-3.6422	10.85	-3.6	1.81621	2.7243
10.9472	-3.45666	1.80727	2.8229	10.9457	-3.45027	10.95	-3.45	1.8162	2.7243
11.0119	-3.29619	0.99398	2.98255	11.1095	-3.32647	11	-3.3	0.908632	2.72588
11.048	-3.15674	0.733266	2.60469	11.0435	-3.16012	11.05	-3.15	0.908632	2.72588
11.102	-2.99067	1.03722	2.94912	10.9851	-2.95299	11.1	-3	0.909905	2.72971
11.1546	-2.8533	0.966393	2.57838	11.1542	-2.85724	11.15	-2.85	0.909888	2.72968
11.164	-2.7065	0.0226069	2.71871	11.0233	-2.67356	11.15	-2.7	0	2.72847
11.14	-2.55864	-0.313864	2.68195	11.1324	-2.55807	11.15	-2.55	0	2.72844
11.1406	-2.40208	0.0400755	2.81248	11.2541	-2.42353	11.15	-2.4	0	2.72732
11.1533	-2.26295	0.172143	2.58387	11.1569	-2.2658	11.15	-2.25	0	2.72732
11.2336	-2.10033	1.7485	2.82844	11.2203	-2.08998	11.25	-2.1	1.81905	2.72856
11.3439	-1.94515	1.93617	2.82988	11.3482	-1.94557	11.35	-1.95	1.81905	2.72856
11.3319	-1.79377	-0.75816	2.88889	11.3928	-1.80815	11.3	-1.8	-0.90916	2.72747
11.2508	-1.64124	-1.2819	2.77924	11.2389	-1.64141	11.25	-1.65	-0.909152	2.72745
11.232	-1.50214	-0.129497	2.51152	11.3341	-1.51762	11.25	-1.5	0	2.72321
11.2539	-1.35003	0.258081	2.7298	11.2625	-1.34833	11.25	-1.35	0	2.72321
11.217	-1.18332	-0.944023	3.03816	11.3121	-1.19064	11.2	-1.2	-0.909524	2.72856
11.1575	-1.04967	-1.05231	2.53122	11.1556	-1.0549	11.15	-1.05	-0.909524	2.72856
11.0602	-0.899964	-1.93575	2.722	10.9982	-0.893223	11.05	-0.9	-1.81945	2.72916
10.9468	-0.735645	-2.02543	2.94457	10.9445	-0.73319	10.95	-0.75	-1.81942	2.72913
10.8728	-0.585719	-1.15967	2.73921	10.8362	-0.586	10.9	-0.599999	-0.909839	2.72952
10.8318	-0.440096	-0.861075	2.66814	10.8388	-0.441032	10.85	-0.449999	-0.909822	2.72949
10.6977	-0.351417	-2.9914	1.95889	10.6309	-0.359954	10.7	-0.349999	-2.99538	1.99692
10.5515	-0.248142	-2.94469	2.04093	10.5529	-0.247121	10.55	-0.25	-2.99539	1.99691
10.4422	-0.185227	-1.70788	1.24315	10.4322	-0.19515	10.45	-0.2	-1.81715	0.908579
10.35	-0.13936	-1.68584	0.888784	10.3505	-0.143257	10.35	-0.15	-1.81716	0.908579
10.2185	-0.106226	-2.56609	0.640634	10.2068	-0.109014	10.2	-0.0999996	-2.73194	0.910655
10.0597	-0.0481487	-2.80201	1.00175	10.0541	-0.0441275	10.05	-0.0499992	-2.73194	0.910655
9.914	0.00801898	-2.59889	1.01806	9.89001	0.00816785	9.9	9.49949e-007	-2.72481	0.908268
9.76164	0.0572632	-2.72153	0.908706	9.75876	0.0560308	9.75	0.0500011	-2.72477	0.90826
9.64934	0.0952197	-1.8647	0.719054	9.63528	0.0929341	9.65	0.100001	-1.81759	0.908784
9.56424	0.147172	-1.63456	0.920265	9.56967	0.149506	9.55	0.15	-1.81757	0.908775
9.43558	0.153362	-2.56417	0.204818	9.56225	0.148577	9.4	0.15	-2.72659	0
9.26319	0.152542	-2.97618	0.00836687	9.25348	0.150166	9.25	0.15	-2.72658	0
9.11347	0.201294	-2.64464	0.780965	9.0821	0.207802	9.1	0.2	-2.72925	0.909752
8.9434	0.24338	-2.97024	0.768423	8.93575	0.243169	8.95	0.25	-2.72926	0.909752
8.7895	0.263323	-2.81062	0.412857	8.94634	0.26481	8.8	0.25	-2.72783	0
8.64258	0.259635	-2.70702	-0.0331315	8.64483	0.254352	8.65	0.25	-2.7278	0
8.49271	0.252521	-2.71856	-0.117364	8.46866	0.251128	8.5	0.25	-2.72395	0
8.35427	0.24942	-2.57049	-0.0611871	8.35775	0.250149	8.35	0.25	-2.72395	0
8.20802	0.20069	-2.72111	-0.785814	8.28111	0.196974	8.2	0.2	-2.73278	-0.910929
8.03682	0.154773	-3.00827	-0.831409	8.03004	0.154113	8.05	0.15	-2.73279	-0.910929
7.84287	0.151659	-4.0096	-0.215362	7.74678	0.154598	7.85	0.15	-3.9992	0
7.63856	0.14279	-4.0574	-0.180746	7.63715	0.143302	7.65	0.15	-3.99916	0
7.51984	0.152671	-2.03639	0.137437	7.61982	0.157052	7.55	0.15	-1.99868	0
7.43335	0.160185	-1.83757	0.14757	7.43926	0.160393	7.45	0.15	-1.99866	0
7.29503	0.106988	-2.72863	-0.839266	7.34481	0.102019	7.3	0.100001	-2.72622	-0.908734
7.16223	0.0490597	-2.49311	-1.0544	7.16771	0.0463372	7.15	0.0500011	-2.72623	-0.908734
7.04888	-0.0468205	-1.95644	-1.65606	7.05721	-0.05037	7.05	-0.0499995	-1.81887	-1.81889
6.94821	-0.143484	-1.86561	-1.75999	6.95035	-0.144849	6.95	-0.15	-1.81888	-1.81889
6.84812	-0.242249	-1.81528	-1.7912	6.87212	-0.243254	6.85	-0.25	-1.81792	-1.81792
6.75964	-0.346683	-1.66644	-1.89979	6.76317	-0.34818	6.75	-0.35	-1.81792	-1.81792
6.65865	-0.447129	-1.91342	-1.82997	6.75759	-0.453523	6.65	-0.45	-1.81881	-1.8188
6.56158	-0.552646	-1.80786	-1.9196	6.56412	-0.553924	6.55	-0.549999	-1.81879	-1.81878
6.46587	-0.743076	-1.71442	-3.26931	6.60439	-0.765755	6.45	-0.749999	-1.81971	-3.63941
6.36529	-0.938507	-1.80759	-3.57182	6.36344	-0.942514	6.35	-0.949999	-1.81969	-3.63937
6.34612	-1.10125	-0.148797	-3.39642	6.35624	-1.10001	6.35	-1.1	0	-2.99522
6.35672	-1.25592	0.101035	-3.07616	6.36321	-1.25111	6.35	-1.25	0	-2.99519
6.34767	-1.41571	-0.236506	-2.90432	6.30992	-1.40686	6.35	-1.4	0	-2.72817
6.3506	-1.5608	-0.000817617	-2.61323	6.35537	-1.55723	6.35	-1.55	0	-2.72817
6.35462	-1.70457	0.0396942	-2.6067	6.50996	-1.74616	6.35	-1.7	0	-2.72628
6.35513	-1.83906	0.0298179	-2.44307	6.35448	-1.83673	6.35	-1.85	0	-2.72628
6.34238	-2.00507	-0.243483	-2.93403	6.38849	-2.02257	6.35	-2	0	-2.73154
6.34602	-2.14329	0.0252823	-2.48655	6.35078	-2.13767	6.35	-2.15	0	-2.73152
6.33809	-2.29238	-0.112522	-2.88499	6.28921	-2.27735	6.35	-2.3	0	-2.99503
6.33325	-2.43747	-0.103173	-2.89451	6.33355	-2.43768	6.35	-2.45	0	-2.99503
6.36984	-2.59334	0.849576	-2.95565	6.30986	-2.56694	6.4	-2.6	0.909996	-2.73
6.44696	-2.75341	1.2861	-2.86075	6.45623	-2.7536	6.45	-2.75	0.91	-2.73
6.49841	-2.91233	0.899839	-2.84702	6.40481	-2.87127	6.5	-2.9	0.907593	-2.72277
6.54751	-3.0295	0.969352	-2.1525	6.54629	-3.01951	6.55	-3.05	0.907584	-2.72274
6.54942	-3.23727	0.0474633	-3.52043	6.70928	-3.32749	6.55	-3.25	0	-3.63617
6.54818	-3.45038	-0.0446327	-3.86435	6.54763	-3.45513	6.55	-3.45	0	-3.63613
6.59462	-3.60547	0.85051	-3.01934	6.52015	-3.55608	6.6	-3.6	0.909673	-2.72901
6.6455	-3.7436	0.966939	-2.54046	6.64571	-3.73674	6.65	-3.75	0.909661	-2.72898
6.72394	-3.85093	1.40644	-2.04758	6.71319	-3.83967	6.75	-3.85	1.81795	-1.81795
6.84138	-3.94076	2.02541	-1.58971	6.85201	-3.93663	6.85	-3.95	1.81793	-1.81793
6.90457	-4.13211	1.24606	-3.23444	7.13409	-4.28567	6.9	-4.15	0.909979	-3.63994
6.95838	-4.32538	1.00771	-3.51729	6.9548	-4.32855	6.95	-4.35	0.909975	-3.6399
7.00879	-4.45378	0.699732	-2.33429	7.00947	-4.44692	7	-4.45	0.907889	-1.81577
7.05491	-4.55685	0.855566	-1.91048	7.05586	-4.55105	7.05	-4.55	0.907881	-1.81576
7.10817	-4.71161	1.12378	-2.81326	7.15974	-4.75194	7.1	-4.7	0.909789	-2.72935
7.14185	-4.83578	0.776498	-2.37797	7.13261	-4.82718	7.15	-4.85	0.909777	-2.72933
7.23305	-4.98731	1.82639	-2.89918	7.2829	-5.01975	7.25	-5	1.81861	-2.72792
7.34098	-5.14618	1.93508	-2.87757	7.34301	-5.14642	7.35	-5.15	1.81859	-2.72789
7.39047	-5.30017	0.985506	-2.90984	7.32687	-5.26205	7.4	-5.3	0.999994	-3
7.45621	-5.44804	1.21138	-2.91371	7.46174	-5.44979	7.45	-5.45	0.999999	-3
7.54965	-5.55315	1.60105	-2.00051	7.47116	-5.48352	7.55	-5.55	1.81749	-1.81749
7.65552	-5.65586	1.86954	-1.86279	7.65989	-5.6552	7.65	-5.65	1.81747	-1.81747
7.71535	-5.79549	1.0924	-2.38875	7.78563	-5.85993	7.7	-5.8	0.909598	-2.72881
7.75626	-5.95329	0.781093	-2.8174	7.75276	-5.95823	7.75	-5.95	0.909594	-2.72878
7.84337	-6.06002	1.53306	-2.08544	7.79663	-6.00945	7.85	-6.05	1.81964	-1.81964
7.9465	-6.15776	1.82536	-1.80704	7.95034	-6.15505	7.95	-6.15	1.81962	-1.81962
8.04793	-6.2977	2.21577	-2.78604	8.04642	-6.30578	8.05	-6.3	1.99731	-2.99599
8.15054	-6.44496	2.0866	-2.91514	8.14855	-6.44643	8.15	-6.45	1.99732	-2.99598
8.21792	-6.56447	0.957365	-1.96609	8.26534	-6.60186	8.2	-6.55	0.909111	-1.81822
8.25746	-6.65494	0.788095	-1.71794	8.25279	-6.64996	8.25	-6.65	0.909111	-1.81822
8.3044	-6.79969	1.05448	-2.69076	8.2109	-6.73286	8.3	-6.8	0.90845	-2.72534
8.35609	-6.94766	0.965081	-2.69602	8.35448	-6.94719	8.35	-6.95	0.908442	-2.72531
8.45354	-7.09543	1.79944	-2.79333	8.61718	-7.22425	8.45	-7.1	1.81925	-2.72886
8.54784	-7.24847	1.7352	-2.79096	8.54666	-7.24803	8.55	-7.25	1.81924	-2.72886
8.65826	-7.35543	1.87101	-1.95837	8.69659	-7.3744	8.65	-7.35	1.82079	-1.8208
8.75127	-7.43938	1.75787	-1.62964	8.74711	-7.43338	8.75	-7.45	1.8208	-1.8208
8.81172	-7.58298	1.45143	-2.75784	8.68846	-7.50096	8.8	-7.6	0.997629	-2.99288
8.85571	-7.74887	1.02076	-3.18665	8.84984	-7.75349	8.85	-7.75	0.997629	-2.99288
8.88961	-7.90309	0.534279	-2.73452	8.77486	-7.80083	8.9	-7.9	0.909127	-2.72742
8.93989	-8.0665	0.81924	-2.90672	8.94604	-8.07116	8.95	-8.05	0.909127	-2.7274
8.98726	-8.18488	0.749623	-2.14516	8.92041	-8.11276	9	-8.15	0.909524	-1.81903
9.02434	-8.24767	0.735582	-1.37395	9.01893	-8.23506	9.05	-8.25	0.909516	-1.81902
9.0699	-8.37823	1.02741	-2.4494	9.04724	-8.3711	9.1	-8.4	0.909922	-2.72975
9.15491	-8.52747	1.41169	-2.63343	9.1628	-8.53304	9.15	-8.55	0.909913	-2.72976
9.23327	-8.68538	1.51298	-2.92655	9.09379	-8.55764	9.25	-8.7	1.8169	-2.72535
9.34407	-8.85131	1.88899	-2.97647	9.3508	-8.85468	9.35	-8.85	1.81688	-2.72532
9.42308	-8.98725	1.31687	-2.36751	9.40597	-8.96981	9.4	-9	0.910219	-2.73069
9.45842	-9.15653	0.787298	-2.92887	9.45338	-9.162	9.45	-9.15	0.910228	-2.73069
9.48405	-9.32035	0.561754	-3.20674	9.51544	-9.36256	9.5	-9.3	0.997908	-2.99371
9.56005	-9.45367	1.23367	-2.79156	9.56994	-9.45148	9.55	-9.45	0.997908	-2.99372
9.60364	-9.57161	0.622236	-2.00012	9.62711	-9.59131	9.6	-9.55	0.909971	-1.81993
9.64531	-9.67105	0.728692	-1.85344	9.64603	-9.66938	9.65	-9.65	0.909954	-1.81992
9.66291	-9.80415	0.405059	-2.39343	9.63311	-9.79216	9.65	-9.8	0	-2.73054
9.65347	-9.9568	-0.0349931	-2.69477	9.64842	-9.95866	9.65	-9.95	0	-2.73053
9.69854	-10.0942	0.934019	-2.94891	9.61381	-9.98703	9.7	-10.1	0.998187	-2.99456
9.74992	-10.2466	0.991922	-3.00692	9.7516	-10.2483	9.75	-10.25	0.998187	-2.99455
9.80206	-10.396	0.899728	-2.69463	9.7698	-10.3568	9.8	-10.4	0.909806	-2.7294
9.86164	-10.5385	1.03916	-2.61714	9.8633	-10.5382	9.85	-10.55	0.909797	-2.72938
9.87329	-10.6848	0.174577	-2.5128	9.8617	-10.6917	9.85	-10.7	0	-2.72718
9.85081	-10.8513	-0.265129	-2.90172	9.84674	-10.8547	9.85	-10.85	0	-2.72715
9.84694	-10.9958	-0.0812744	-2.66762	9.75887	-10.887	9.85	-11	0	-2.72395
9.86069	-11.143	0.163105	-2.66826	9.86442	-11.1448	9.85	-11.15	0	-2.72395
9.86167	-11.297	0.0312989	-2.78343	9.87245	-11.316	9.85	-11.3	0	-2.73074
9.8527	-11.4479	-0.111216	-2.75852	9.85036	-11.4464	9.85	-11.45	0	-2.73075
9.85615	-11.5959	0.0338119	-2.68626	9.93142	-11.6783	9.85	-11.6	0	-2.72396
9.83658	-11.7372	-0.250965	-2.59972	9.83174	-11.7336	9.85	-11.75	0	-2.72396
9.81565	-11.8717	-0.395731	-2.66531	9.80843	-11.8702	9.8	-11.9	-1.0005	-3.00149
9.75768	-12.044	-0.925301	-3.19938	9.75331	-12.0506	9.75	-12.05	-1.0005	-3.0015
9.654	-12.1732	-2.08543	-2.05596	9.64519	-12.1714	9.65	-12.15	-1.81799	-1.81797
9.5563	-12.2419	-1.85749	-1.45732	9.55524	-12.2329	9.55	-12.25	-1.81797	-1.81797
9.45673	-12.3878	-1.6088	-2.78908	9.47014	-12.4324	9.45	-12.4	-1.82042	-2.73064
9.34463	-12.5571	-1.9265	-3.00537	9.34172	-12.5587	9.35	-12.55	-1.82041	-2.73063
9.22616	-12.6736	-2.46145	-2.21441	9.21558	-12.6577	9.25	-12.65	-1.99893	-1.99891
9.15654	-12.7536	-1.7352	-1.78871	9.16462	-12.7506	9.15	-12.75	-1.99891	-1.9989
9.07793	-12.838	-1.47238	-1.55252	9.08802	-12.8351	9.05	-12.85	-1.81839	-1.81839
8.96368	-12.9412	-1.91751	-1.79181	8.95936	-12.9426	8.95	-12.95	-1.81838	-1.81838
8.79383	-13.0162	-3.19082	-1.06758	8.8569	-13.1416	8.8	-13	-2.72942	-0.909806
8.65097	-13.0481	-2.75672	-0.710924	8.65422	-13.0444	8.65	-13.05	-2.72941	-0.909806
8.51552	-13.1191	-2.58687	-1.49125	8.49168	-13.0983	8.5	-13.15	-2.99987	-1.99991
8.34752	-13.2309	-3.12245	-1.99209	8.3436	-13.2381	8.35	-13.25	-2.99984	-1.9999
8.2306	-13.2223	-2.75796	0.22233	8.19421	-13.0768	8.25	-13.2	-1.99797	0.998985
8.15064	-13.159	-1.95586	0.929347	8.15674	-13.1486	8.15	-13.15	-1.99797	0.998985
8.02116	-13.1767	-2.13308	-0.466821	7.9999	-13.1879	8	-13.2	-2.73	-0.910004
7.85729	-13.2459	-2.76287	-1.05551	7.85314	-13.2533	7.85	-13.25	-2.73	-0.910004
7.65941	-13.2602	-3.67715	-0.0396618	7.57824	-13.1345	7.65	-13.25	-3.62957	0
7.45564	-13.2473	-3.68989	0.160217	7.45422	-13.2433	7.45	-13.25	-3.62953	0
7.2983	-13.2423	-2.88384	-0.0368883	7.33241	-13.2718	7.3	-13.25	-2.7301	0
7.13315	-13.2391	-2.97261	0.0313842	7.13166	-13.2372	7.15	-13.25	-2.73007	0
6.9921	-13.2206	-2.61585	0.30997	6.97467	-13.1643	7	-13.25	-2.72703	0
6.84654	-13.2327	-2.64481	-0.077518	6.84852	-13.2404	6.85	-13.25	-2.727	0
6.68361	-13.2041	-3.04789	0.691144	6.7113	-13.2598	6.7	-13.2	-2.72742	0.909144
6.55129	-13.158	-2.56897	0.805783	6.55626	-13.1584	6.55	-13.15	-2.72742	0.909144
6.40471	-13.0952	-2.68352	1.16358	6.32545	-12.9303	6.4	-13.1	-2.72703	0.908994
6.25112	-13.0442	-2.76814	0.989289	6.25112	-13.0473	6.25	-13.05	-2.727	0.908995
6.09692	-12.9973	-2.78565	0.833625	6.09711	-13.0021	6.1	-13	-2.73	0.910004
5.95317	-12.9587	-2.6606	0.740927	5.95513	-12.9613	5.95	-12.95	-2.72998	0.909996
5.80762	-12.9176	-2.913	0.922769	5.89343	-13.1185	5.8	-12.9	-2.99275	0.99759
5.66512	-12.8437	-2.84735	1.28173	5.6635	-12.8347	5.65	-12.85	-2.99275	0.99758
5.55477	-12.7532	-2.12093	1.63952	5.61778	-12.8527	5.55	-12.75	-1.81993	1.81994
5.45213	-12.6311	-1.92045	2.07646	5.45219	-12.6228	5.45	-12.65	-1.81994	1.81994
5.34916	-12.5223	-1.84788	1.92039	5.30917	-12.4284	5.35	-12.55	-1.81722	1.81723
5.24905	-12.4385	-1.83351	1.62915	5.25069	-12.4448	5.25	-12.45	-1.81721	1.81721
5.10622	-12.3417	-2.58109	1.91844	5.13338	-12.4375	5.1	-12.35	-2.72881	1.8192
4.95031	-12.2659	-2.78898	1.51842	4.9499	-12.2734	4.95	-12.25	-2.72881	1.81921
4.89124	-12.1613	-1.23786	1.76948	4.92993	-12.1787	4.9	-12.15	-0.908467	1.81693
4.83903	-12.0414	-1.0035	2.07548	4.84027	-12.0359	4.85	-12.05	-0.908462	1.81692
4.76596	-11.8892	-1.40647	2.9764	4.79909	-11.9738	4.75	-11.9	-1.81788	2.72684
4.64384	-11.7528	-2.05503	2.59244	4.63814	-11.758	4.65	-11.75	-1.81788	2.72683
4.57307	-11.6395	-1.25016	1.79746	4.50688	-11.4491	4.6	-11.65	-0.909963	1.81994
4.5349	-11.5396	-0.810576	1.82659	4.5399	-11.541	4.55	-11.55	-0.909959	1.81992
4.49604	-11.3634	-0.876184	3.44302	4.46798	-11.2692	4.5	-11.35	-0.909227	3.63689
4.45482	-11.1594	-0.76801	3.64242	4.45518	-11.1556	4.45	-11.15	-0.909218	3.63686
4.40916	-11.0423	-0.656926	1.89474	4.47788	-11.2387	4.4	-11.05	-0.909227	1.81845
4.36727	-10.9498	-0.748353	1.73387	4.36691	-10.9529	4.35	-10.95	-0.909222	1.81844
4.38847	-10.822	0.250428	2.25644	4.34978	-10.6819	4.4	-10.8	0.9094	2.72823
4.42299	-10.6654	0.575902	2.70525	4.42489	-10.6572	4.45	-10.65	0.909396	2.72819
4.44304	-10.5105	0.368131	3.18223	4.45256	-10.5332	4.45	-10.5	0	3.00113
4.44949	-10.3519	0.188926	3.16517	4.44692	-10.3512	4.45	-10.35	0	3.00113
4.4939	-10.1992	0.844805	2.87314	4.41237	-9.99477	4.5	-10.2	0.999524	2.99855
4.55253	-10.0466	1.10085	3.0073	4.5556	-10.0446	4.55	-10.05	0.999524	2.99856
4.59905	-9.89912	0.965167	2.94641	4.57379	-9.85032	4.6	-9.9	0.998267	2.9948
4.65639	-9.7506	1.10281	2.96838	4.65841	-9.75093	4.65	-9.75	0.998262	2.99479
4.69636	-9.64518	0.935852	1.7132	4.60255	-9.4741	4.7	-9.65	0.910924	1.82187
4.7453	-9.54189	0.905914	1.83954	4.74425	-9.53907	4.75	-9.55	0.910928	1.82186
4.8013	-9.40241	0.914801	2.62592	4.78405	-9.35872	4.8	-9.4	0.908038	2.72411
4.87149	-9.25439	1.21773	2.69194	4.87523	-9.25457	4.85	-9.25	0.908033	2.7241
4.96316	-9.10013	1.64598	2.73041	4.92663	-9.02336	4.95	-9.1	1.81851	2.72776
5.04697	-8.9611	1.53278	2.57078	5.04624	-8.96378	5.05	-8.95	1.81852	2.72777
5.14984	-8.80522	1.83286	2.79264	5.1055	-8.72095	5.15	-8.8	1.8165	2.72476
5.26117	-8.6451	1.99843	2.89277	5.26299	-8.64398	5.25	-8.65	1.8165	2.72475
5.34684	-8.54283	1.74091	1.78693	5.34134	-8.5519	5.35	-8.55	1.82159	1.8216
5.43423	-8.44049	1.6215	1.83545	5.43218	-8.43885	5.45	-8.45	1.82157	1.82157
5.49559	-8.33452	1.09616	2.03402	5.5122	-8.36624	5.5	-8.35	0.908054	1.81609
5.54351	-8.23326	0.894421	1.8677	5.54143	-8.23537	5.55	-8.25	0.908054	1.8161
5.66856	-8.1448	2.30247	1.35449	5.72065	-8.20245	5.7	-8.15	2.72851	1.81902
5.84328	-8.03747	3.07608	1.88253	5.85207	-8.0316	5.85	-8.05	2.72849	1.81899
5.95151	-7.90605	1.84796	2.66782	5.99121	-7.96746	5.95	-7.9	1.81851	2.72777
6.05054	-7.75316	1.81704	2.75178	6.04955	-7.75139	6.05	-7.75	1.81852	2.72777
6.14193	-7.65169	1.80094	1.8032	6.20599	-7.74241	6.15	-7.65	1.81739	1.81739
6.24568	-7.56088	1.85918	1.68986	6.2473	-7.56333	6.25	-7.55	1.81739	1.81739
6.35842	-7.45196	1.99101	1.98362	6.39144	-7.48582	6.35	-7.45	1.8164	1.81641
6.44879	-7.35926	1.68046	1.71834	6.44526	-7.36223	6.45	-7.35	1.81638	1.81638
6.59429	-7.24876	2.61543	1.87748	6.66209	-7.31025	6.6	-7.25	2.72856	1.81904
6.74668	-7.14231	2.748	1.93714	6.74856	-7.14204	6.75	-7.15	2.72856	1.81904
6.84769	-7.05443	1.85099	1.74375	6.83447	-7.05268	6.85	-7.05	1.82066	1.82066
6.9716	-6.95975	2.17681	1.7611	6.97717	-6.96144	6.95	-6.95	1.82065	1.82065
7.11194	-6.86689	2.78472	1.74366	7.13677	-6.88363	7.1	-6.85	2.99976	1.99984
7.25582	-6.75373	2.89915	2.12853	7.2552	-6.74652	7.25	-6.75	2.99976	1.99984
7.32408	-6.66043	1.3905	2.15108	7.234	-6.59525	7.3	-6.65	0.999384	1.99876
7.3494	-6.54529	0.761986	2.18507	7.33491	-6.53948	7.35	-6.55	0.999369	1.99874
7.4777	-6.51419	2.75759	0.224927	7.67988	-6.69347	7.5	-6.55	2.72747	0
7.63853	-6.54647	2.83545	-0.430681	7.64389	-6.55777	7.65	-6.55	2.72745	0
7.76639	-6.46905	1.8788	1.6113	7.94309	-6.60222	7.75	-6.45	1.81623	1.81624
7.85221	-6.34864	1.66753	2.0541	7.84566	-6.34021	7.85	-6.35	1.81623	1.81624
7.98145	-6.28715	2.61463	0.955775	7.9171	-6.24084	8	-6.3	2.72648	0.908821
8.14192	-6.2308	2.85661	1.03432	8.14601	-6.23101	8.15	-6.25	2.72645	0.908817
8.25663	-6.10651	1.73773	2.44269	8.37368	-6.18614	8.25	-6.1	1.81898	2.72847
8.35502	-5.9605	1.79237	2.61957	8.35502	-5.95811	8.35	-5.95	1.81897	2.72844
8.49333	-5.89885	2.88878	0.980922	8.43843	-5.87193	8.5	-5.9	2.72647	0.90883
8.64332	-5.86244	2.7417	0.707799	8.64201	-5.86567	8.65	-5.85	2.72645	0.908817
8.76813	-5.76513	2.02155	1.84326	8.76652	-5.75601	8.75	-5.75	1.81789	1.81788
8.85822	-5.6546	1.73695	1.95413	8.85198	-5.65134	8.85	-5.65	1.81789	1.81788
9.00512	-5.54225	2.82912	1.86729	8.91028	-5.47662	9	-5.55	2.73109	1.82073
9.13947	-5.45749	2.51739	1.57769	9.13482	-5.45989	9.15	-5.45	2.73106	1.82072
9.25805	-5.35565	2.03144	1.91614	9.32693	-5.39468	9.25	-5.35	1.81796	1.81795
9.33848	-5.2601	1.58902	1.73611	9.33045	-5.26019	9.35	-5.25	1.81794	1.81793
9.47539	-5.15079	2.6099	1.83291	9.4498	-5.12838	9.5	-5.15	2.72905	1.81937
9.63377	-5.04367	2.8212	1.94347	9.63754	-5.04328	9.65	-5.05	2.72903	1.81935
9.71015	-4.93846	1.31844	2.30123	9.83281	-5.00671	9.7	-4.95	0.998666	1.99733
9.75447	-4.84415	1.00555	1.96029	9.74856	-4.84745	9.75	-4.85	0.998656	1.99731
9.84097	-4.7532	1.69872	1.59503	9.96003	-4.81123	9.85	-4.75	1.8172	1.81719
9.9341	-4.66452	1.69451	1.60843	9.93394	-4.66432	9.95	-4.65	1.81717	1.81717
10.0427	-4.55114	1.93507	2.01209	10.1357	-4.58625	10.05	-4.55	1.82042	1.82043
10.1453	-4.44239	1.88454	1.98235	10.1444	-4.44253	10.15	-4.45	1.82041	1.82042
10.2835	-4.34077	2.64283	1.77598	10.3185	-4.35401	10.3	-4.35	2.72672	1.81782
10.4448	-4.24678	2.85515	1.73345	10.4496	-4.24828	10.45	-4.25	2.7267	1.8178
10.5198	-4.09598	0.910385	2.86922	10.5826	-4.11494	10.5	-4.1	0.908764	2.72628
10.5573	-3.95012	0.732443	2.68196	10.5542	-3.95161	10.55	-3.95	0.908764	2.72628
10.6392	-3.80233	1.64193	2.6006	10.6618	-3.807	10.65	-3.8	1.8194	2.72911
10.7534	-3.65401	1.96738	2.69811	10.7602	-3.65417	10.75	-3.65	1.81939	2.72908
10.8532	-3.55594	1.87907	1.87731	10.8593	-3.57039	10.85	-3.55	1.81839	1.81838
10.9414	-3.46625	1.66879	1.66562	10.9375	-3.46792	10.95	-3.45	1.81838	1.81838
11.006	-3.31017	0.937552	2.78778	11.0183	-3.30073	11	-3.3	0.908549	2.72563
11.0653	-3.14733	1.04574	2.9323	11.0672	-3.14607	11.05	-3.15	0.908549	2.72564
11.1152	-3.00961	0.917987	2.55568	11.1054	-3.01303	11.1	-3	0.90888	2.72663
11.1486	-2.85159	0.698418	2.80568	11.1428	-2.8481	11.15	-2.85	0.908863	2.72661
11.1955	-2.70324	0.905652	2.69547	11.1758	-2.69942	11.2	-2.7	0.909988	2.72995
11.2488	-2.5428	0.958683	2.88155	11.2495	-2.5409	11.25	-2.55	0.909988	2.72995
11.2237	-2.40667	-0.837676	2.63651	11.4549	-2.46508	11.2	-2.4	-0.907692	2.72306
11.1725	-2.24362	-0.897429	2.90024	11.1705	-2.24061	11.15	-2.25	-0.907683	2.72304
11.2435	-2.08982	1.82921	2.66215	11.2202	-2.08177	11.25	-2.1	1.8219	2.73284
11.3509	-1.96704	1.91323	2.31311	11.3536	-1.97104	11.35	-1.95	1.82188	2.73281
11.3756	-1.80322	0.097982	2.97872	11.224	-1.77367	11.35	-1.8	0	2.71996
11.3695	-1.64341	-0.0558596	2.90793	11.3661	-1.64386	11.35	-1.65	0	2.71993
11.3675	-1.49102	0.007414	2.7877	11.2691	-1.47976	11.35	-1.5	0	2.73448
11.3458	-1.34448	-0.286416	2.68433	11.3391	-1.34511	11.35	-1.35	0	2.73446
11.2689	-1.19951	-1.77441	2.91022	11.2507	-1.19626	11.25	-1.2	-1.99969	2.99952
11.1606	-1.04524	-2.01862	3.03687	11.1532	-1.04324	11.15	-1.05	-1.99967	2.99949
11.0917	-0.900184	-1.20177	2.90201	10.9697	-0.89157	11.1	-0.9	-1.00006	3.00024
11.0561	-0.744462	-0.882449	3.07455	11.0654	-0.742685	11.05	-0.75	-1.00006	3.00021
10.9656	-0.644528	-1.80634	1.97794	10.8913	-0.655608	10.95	-0.649999	-1.81771	1.81773
10.8476	-0.547225	-2.05904	1.79793	10.8418	-0.549005	10.85	-0.549999	-1.81772	1.81773
10.7503	-0.441346	-1.72347	1.90662	10.827	-0.442912	10.75	-0.45	-1.81842	1.8184
10.6621	-0.350965	-1.63852	1.68341	10.6642	-0.353413	10.65	-0.35	-1.8184	1.81839
10.5178	-0.2512	-3.13568	1.9499	10.5503	-0.248633	10.5	-0.25	-3.00035	2.00024
10.352	-0.168844	-3.25035	1.70881	10.3487	-0.171899	10.35	-0.15	-3.00032	2.00022
10.2356	-0.109117	-2.13407	1.28752	10.2559	-0.115293	10.25	-0.0999996	-2.00053	1.00027
10.1348	-0.0460217	-2.05891	1.26761	10.137	-0.0462889	10.15	-0.0499992	-2.00053	1.00027
10.0353	0.0166117	-1.98469	1.25552	10.0717	0.0165033	10.05	9.49949e-007	-2.00009	1.00004
9.93051	0.0598375	-2.0567	0.938047	9.92833	0.0556031	9.95	0.0500011	-2.00006	1.00003
9.79473	0.0411819	-2.87665	-0.130015	9.8478	0.0279858	9.8	0.0500011	-3.00025	0
9.65046	0.0368078	-2.88256	-0.0952029	9.65029	0.0372757	9.65	0.0500011	-3.00024	0
9.50298	0.0883039	-2.97247	0.818608	9.54682	0.0997641	9.5	0.100001	-2.99825	0.999409
9.34046	0.136761	-3.1512	0.943362	9.33515	0.138463	9.35	0.15	-2.99825	0.999409
9.22516	0.139204	-1.88355	0.157723	9.46113	0.134275	9.25	0.15	-1.81915	0
9.13392	0.159283	-1.71799	0.346459	9.13787	0.161547	9.15	0.15	-1.81913	0
8.9944	0.192886	-2.99821	0.601743	9.02723	0.196492	9	0.2	-2.99927	0.99976
8.82754	0.245269	-3.2134	0.980869	8.82128	0.250523	8.85	0.25	-2.99927	0.99976
8.67438	0.254105	-3.03989	0.329387	8.67607	0.247512	8.7	0.25	-2.99873	0
8.54179	0.251648	-2.78557	0.000124459	8.54916	0.247046	8.55	0.25	-2.99871	0
8.39754	0.252027	-2.59266	0.00766272	8.44086	0.253341	8.4	0.25	-2.72872	0
8.23617	0.257592	-2.84779	0.0981413	8.2302	0.258614	8.25	0.25	-2.72871	0
8.09038	0.211332	-2.94476	-0.729849	8.1066	0.204722	8.1	0.2	-2.99909	-0.9997
7.9466	0.137741	-2.8944	-1.39027	7.94777	0.127954	7.95	0.15	-2.9991	-0.9997
7.79601	0.139822	-3.03835	-0.229724	7.82213	0.149733	7.8	0.15	-3.00101	0
7.6367	0.146613	-3.13528	0.101405	7.63383	0.15164	7.65	0.15	-3.00099	0
7.48867	0.105952	-2.57553	-0.635081	7.49691	0.101076	7.5	0.100001	-2.72698	-0.908982
7.34963	0.0666299	-2.53958	-0.714446	7.35046	0.0656199	7.35	0.0500011	-2.72695	-0.908974
7.24199	-0.000985149	-2.0495	-1.22742	7.13188	-0.00451978	7.25	9.49949e-007	-2.00032	-1.00016
7.14689	-0.0574248	-1.95679	-1.13577	7.14965	-0.0559868	7.15	-0.0499992	-2.0003	-1.00015
6.99588	-0.152984	-2.89212	-1.66071	6.77233	-0.150907	7	-0.15	-2.72534	-1.8169
6.85344	-0.231095	-2.66492	-1.41465	6.85872	-0.227918	6.85	-0.25	-2.72532	-1.81688
6.78391	-0.346972	-1.11665	-2.16327	6.70421	-0.347264	6.8	-0.349999	-1.00053	-2.00107
6.74179	-0.444298	-0.940827	-1.95247	6.74687	-0.441006	6.75	-0.449999	-1.00054	-2.00107
6.65265	-0.544351	-1.98129	-1.96511	6.72084	-0.550555	6.65	-0.549999	-2.00016	-2.00017
6.5499	-0.628538	-2.022	-1.69647	6.54837	-0.624094	6.55	-0.65	-2.00016	-2.00017
6.48723	-0.785203	-1.00765	-2.9024	6.40088	-0.78131	6.5	-0.799999	-0.999884	-2.99963
6.44519	-0.952805	-0.915318	-3.33401	6.44859	-0.960126	6.45	-0.949999	-0.999884	-2.99963
6.40164	-1.0911	-0.890695	-2.87178	6.37766	-1.0844	6.4	-1.1	-0.999984	-2.99995
6.35621	-1.2414	-0.909936	-3.00227	6.35596	-1.24356	6.35	-1.25	-0.999969	-2.99992
6.34548	-1.39069	-0.140539	-3.03368	6.5527	-1.43518	6.35	-1.4	0	-3.00132
6.35038	-1.54934	0.00703162	-3.15393	6.35503	-1.55184	6.35	-1.55	0	-3.00129
6.34941	-1.65535	-0.137745	-2.04291	6.33086	-1.6454	6.35	-1.65	0	-1.81769
6.34336	-1.7523	-0.0955893	-1.75379	6.34356	-1.7483	6.35	-1.75	0	-1.81769
6.34236	-1.94932	0.21165	-3.58266	6.34522	-1.96081	6.35	-1.95	0	-3.99976
6.34423	-2.12426	0.105101	-3.51857	6.34095	-2.12276	6.35	-2.15	0	-3.99972
6.34172	-2.25299	-0.184417	-2.69656	6.3068	-2.23646	6.35	-2.25	0	-2
6.34418	-2.36107	0.0286597	-2.17863	6.34785	-2.35274	6.35	-2.35	0	-1.99998
6.34519	-2.49853	0.11959	-2.67883	6.26272	-2.46894	6.35	-2.5	0	-3
6.35936	-2.64114	0.213641	-2.82116	6.36265	-2.64414	6.35	-2.65	0	-3
6.40218	-2.78489	0.967887	-2.96502	6.38105	-2.77438	6.4	-2.8	1.00003	-3.00012
6.45789	-2.94624	1.03995	-3.18577	6.461	-2.95066	6.45	-2.95	1.00003	-3.00009
6.50156	-3.14877	0.979507	-3.92017	6.50958	-3.15806	6.5	-3.15	0.999284	-3.99712
6.55234	-3.35761	0.975636	-4.14041	6.55345	-3.36165	6.55	-3.35	0.999284	-3.99712
6.61592	-3.46773	0.832706	-2.10175	6.64067	-3.46888	6.6	-3.45	0.909922	-1.81983
6.64202	-3.561	0.590232	-1.75889	6.63536	-3.55462	6.65	-3.55	0.909917	-1.81984
6.70029	-3.69242	1.36	-2.62625	6.70376	-3.69784	6.7	-3.7	0.999335	-2.99802
6.75537	-3.84121	1.13802	-2.95232	6.75151	-3.84595	6.75	-3.85	0.99934	-2.99802
6.79969	-4.0021	0.786627	-2.89314	6.65288	-3.91672	6.8	-4	0.908549	-2.72564
6.85453	-4.15559	0.9646	-2.77765	6.85764	-4.15466	6.85	-4.15	0.908537	-2.72561
6.89788	-4.27339	0.641643	-2.11874	6.9447	-4.2991	6.9	-4.25	0.90988	-1.81977
6.94639	-4.35093	0.905965	-1.4614	6.94846	-4.34203	6.95	-4.35	0.909876	-1.81975
6.99912	-4.48422	1.24388	-2.57139	7.09552	-4.55441	7	-4.5	1.00008	-3.00024
7.0407	-4.63938	0.894186	-3.0488	7.03506	-4.6461	7.05	-4.65	1.00008	-3.00024
7.12086	-4.80064	1.66243	-3.32086	7.25009	-4.88515	7.15	-4.8	1.99984	-2.99976
7.24889	-4.93763	2.36435	-2.76459	7.26242	-4.9318	7.25	-4.95	1.99984	-2.99976
7.30238	-5.0606	0.894036	-2.22856	7.33292	-5.08676	7.3	-5.05	1.00028	-2.00057
7.35149	-5.15884	0.982316	-2.01321	7.3521	-5.15533	7.35	-5.15	1.00028	-2.00056
7.40545	-5.28408	1.18022	-2.49671	7.40318	-5.28627	7.4	-5.3	1.00003	-3.00012
7.44543	-5.43666	0.856125	-2.96543	7.44098	-5.44336	7.45	-5.45	1.00004	-3.00012
7.52195	-5.55665	1.48676	-2.56757	7.46878	-5.50726	7.55	-5.55	1.99961	-1.99961
7.65028	-5.65244	2.31615	-1.96891	7.66561	-5.647	7.65	-5.65	1.9996	-1.9996
7.70291	-5.79608	1.13249	-2.58624	7.70927	-5.8194	7.7	-5.8	1.00027	-3.00084
7.75617	-5.95372	1.03644	-3.02392	7.75724	-5.96146	7.75	-5.95	1.00028	-3.00084
7.84541	-6.06026	1.70006	-2.34151	7.71187	-5.94164	7.85	-6.05	1.9998	-1.99981
7.94685	-6.15196	1.97495	-1.93295	7.95005	-6.14609	7.95	-6.15	1.9998	-1.9998
8.00602	-6.25513	1.14905	-1.89661	8.03808	-6.28852	8	-6.25	1.00004	-2.00008
8.04787	-6.35701	0.917738	-2.02585	8.04346	-6.35767	8.05	-6.35	1.00004	-2.00008
8.12913	-6.49996	1.8347	-2.9747	8.1071	-6.48544	8.15	-6.5	1.99951	-2.99928
8.2482	-6.65577	2.20935	-3.03842	8.25742	-6.66007	8.25	-6.65	1.9995	-2.99925
8.32792	-6.75477	1.09903	-1.58828	8.38768	-6.7963	8.3	-6.75	0.90921	-1.81841
8.3417	-6.86755	0.408242	-2.00643	8.33159	-6.8699	8.35	-6.85	0.90921	-1.81841
8.40193	-6.99982	1.29524	-2.72517	8.58336	-7.15056	8.4	-7	1.0001	-3.00036
8.45893	-7.1498	1.16697	-2.93499	8.45779	-7.15285	8.45	-7.15	1.00011	-3.00036
8.54484	-7.26261	1.65892	-2.42011	8.37938	-7.10665	8.55	-7.25	1.99907	-1.99908
8.64483	-7.3524	1.93677	-1.94797	8.647	-7.3454	8.65	-7.35	1.99908	-1.99908
8.70536	-7.50112	1.3626	-2.79671	8.76035	-7.57239	8.7	-7.5	1.00058	-3.00174
8.76285	-7.65703	1.19548	-3.04072	8.76121	-7.66039	8.75	-7.65	1.00057	-3.00171
8.81212	-7.76631	0.809121	-2.155	8.81118	-7.75569	8.8	-7.75	0.999844	-1.99968
8.84793	-7.84476	0.777765	-1.74347	8.84363	-7.83628	8.85	-7.85	0.999844	-1.99968
8.94163	-7.98365	2.0792	-2.95045	9.07758	-8.1058	8.95	-8	2.00017	-3.00024
9.04919	-8.15226	2.10598	-3.24536	9.05238	-8.15838	9.05	-8.15	2.00014	-3.00021
9.10553	-8.27121	0.934113	-2.19896	9.05557	-8.22632	9.1	-8.25	0.998905	-1.99781
9.15626	-8.3574	1.01257	-1.86027	9.15492	-8.35136	9.15	-8.35	0.998886	-1.99779
9.21471	-8.48385	1.12453	-2.30988	9.30408	-8.57245	9.2	-8.5	0.908863	-2.72657
9.25657	-8.63985	0.829217	-2.72808	9.2543	-8.64461	9.25	-8.65	0.908855	-2.72655
9.29225	-8.79234	0.685645	-2.78302	9.15971	-8.67035	9.3	-8.8	0.909475	-2.72841
9.34734	-8.94917	0.922263	-2.82541	9.35164	-8.95148	9.35	-8.95	0.909466	-2.72839
9.40392	-9.10453	1.16282	-3.12217	9.47941	-9.179	9.4	-9.1	0.999765	-2.99935
9.44803	-9.24639	0.98705	-2.94099	9.44272	-9.24111	9.45	-9.25	0.999774	-2.99934
9.49472	-9.36291	0.664574	-2.01573	9.53008	-9.38561	9.5	-9.35	0.908962	-1.81792
9.56952	-9.44115	1.20496	-1.55008	9.5752	-9.43724	9.55	-9.45	0.908954	-1.8179
9.60577	-9.58324	0.809333	-2.54958	9.60163	-9.60777	9.6	-9.6	0.909988	-2.72996
9.63087	-9.75111	0.532302	-2.93774	9.62903	-9.75552	9.65	-9.75	0.909971	-2.72993
9.68198	-9.90135	0.914188	-2.78493	9.69155	-9.89957	9.7	-9.9	0.907972	-2.7239
9.74319	-10.0468	1.06491	-2.67294	9.74482	-10.046	9.75	-10.05	0.907972	-2.72391
9.75978	-10.1898	0.262235	-2.47709	9.69256	-10.1336	9.75	-10.2	0	-2.73106
9.75492	-10.346	-0.00565976	-2.75759	9.75264	-10.3488	9.75	-10.35	0	-2.73105
9.80161	-10.4954	0.96312	-3.1606	9.8242	-10.5024	9.8	-10.5	1	-2.99999
9.83588	-10.6531	0.777566	-3.1661	9.83234	-10.6514	9.85	-10.65	0.999994	-2.99996
9.86176	-10.7941	0.460582	-2.76977	9.82501	-10.7525	9.85	-10.8	0	-3.00047
9.85501	-10.957	0.0451585	-3.11418	9.85033	-10.9603	9.85	-10.95	0	-3.00048
9.84459	-11.0732	-0.383452	-2.21416	9.91881	-11.1448	9.85	-11.05	0	-1.9956
9.85635	-11.1548	0.0489603	-1.806	9.86057	-11.1502	9.85	-11.15	0	-1.99559
9.85751	-11.2869	0.140638	-2.46946	9.83851	-11.2795	9.85	-11.3	0	-2.73184
9.84113	-11.4453	-0.187725	-2.78039	9.83839	-11.4483	9.85	-11.45	0	-2.73182
9.8126	-11.5952	-0.518717	-2.93212	9.79654	-11.5922	9.8	-11.6	-0.998566	-2.9957
9.76108	-11.7495	-0.862639	-3.04611	9.75592	-11.7487	9.75	-11.75	-0.998566	-2.99569
9.74584	-11.9078	-0.290875	-2.96704	9.77699	-11.9246	9.75	-11.9	0	-2.73084
9.75548	-12.0513	0.0544369	-2.70385	9.75861	-12.0491	9.75	-12.05	0	-2.73085
9.68277	-12.2018	-1.34815	-2.50136	9.63743	-12.1863	9.65	-12.2	-1.81598	-2.72396
9.5715	-12.3465	-1.84096	-2.59603	9.56514	-12.3446	9.55	-12.35	-1.81597	-2.72396
9.45412	-12.4634	-2.2314	-2.01543	9.47157	-12.4849	9.45	-12.45	-1.82132	-1.82133
9.34726	-12.5461	-2.01989	-1.64203	9.34752	-12.5408	9.35	-12.55	-1.82131	-1.82131
9.26613	-12.6541	-1.42497	-2.07654	9.32154	-12.7193	9.3	-12.65	-0.908038	-1.81606
9.23527	-12.7429	-0.789737	-1.73322	9.24151	-12.7411	9.25	-12.75	-0.908029	-1.81605
9.1021	-12.8157	-2.4982	-1.00642	9.04013	-12.7738	9.05	-12.85	-3.64007	-1.82004
8.85378	-12.9367	-3.97771	-1.88505	8.83995	-12.9425	8.85	-12.95	-3.64007	-1.82003
8.69988	-13.0094	-3.2095	-1.56839	8.73518	-13.0163	8.75	-13	-1.9959	-0.997948
8.62676	-13.0394	-2.01639	-0.895801	8.6395	-13.0341	8.65	-13.05	-1.9959	-0.997948
8.5046	-13.0723	-2.27212	-0.523672	8.48414	-13.0416	8.5	-13.1	-2.73149	-0.910502
8.34529	-13.1385	-2.73558	-1.02807	8.34268	-13.1451	8.35	-13.15	-2.73146	-0.910485
8.19149	-13.1925	-2.80154	-0.959946	8.19497	-13.1991	8.2	-13.2	-2.72385	-0.907955
8.05828	-13.2368	-2.51989	-0.844589	8.06107	-13.2364	8.05	-13.25	-2.72383	-0.907947
7.91887	-13.2441	-2.63715	-0.0391969	7.88931	-13.1791	7.9	-13.25	-2.72673	0
7.7586	-13.2443	-2.83936	-0.0147109	7.75593	-13.2425	7.75	-13.25	-2.72673	0
7.58806	-13.2447	-3.07997	0.00269707	7.52542	-13.1457	7.6	-13.25	-2.72991	0
7.44632	-13.2335	-2.70984	0.15285	7.44992	-13.2329	7.45	-13.25	-2.72991	0
7.24258	-13.199	-3.74083	0.841771	7.19347	-13.1392	7.25	-13.2	-3.63887	0.909723
7.05186	-13.1579	-3.54192	0.776391	7.05468	-13.1604	7.05	-13.15	-3.63887	0.909723
6.89493	-13.1474	-2.78499	-0.0148181	6.90569	-13.1515	6.9	-13.15	-2.72312	0
6.73436	-13.1393	-2.87952	0.101715	6.73255	-13.1364	6.75	-13.15	-2.72312	0
6.58319	-13.1395	-3.03109	0.0763077	6.69426	-13.3705	6.6	-13.15	-3.00475	0
6.42771	-13.1419	-3.09174	-0.00635925	6.42749	-13.1436	6.45	-13.15	-3.00472	0
6.33393	-13.0962	-2.16748	0.887884	6.4246	-13.2048	6.35	-13.1	-1.9976	0.998786
6.24624	-13.0529	-1.8808	0.881448	6.2503	-13.0552	6.25	-13.05	-1.99758	0.998786
6.10661	-13.0079	-2.52197	0.950256	6.162	-13.1569	6.1	-13	-2.72732	0.909111
5.95465	-12.9439	-2.70231	1.10856	5.95166	-12.9396	5.95	-12.95	-2.72732	0.909111
5.79281	-12.8929	-2.90481	0.923455	5.78183	-12.8825	5.8	-12.9	-2.72895	0.909657
5.64592	-12.841	-2.72887	0.941367	5.64785	-12.8416	5.65	-12.85	-2.72896	0.909648
5.51385	-12.7565	-2.50537	1.62217	5.54035	-12.7925	5.55	-12.75	-1.81808	1.81809
5.43069	-12.6551	-1.74652	1.79998	5.43842	-12.6552	5.45	-12.65	-1.81809	1.81809
5.31546	-12.5479	-2.09801	2.03644	5.33087	-12.5965	5.3	-12.55	-2.7236	1.81575
5.13049	-12.4524	-3.07003	1.79265	5.12059	-12.4527	5.15	-12.45	-2.72358	1.81572
5.02248	-12.355	-2.06609	1.70587	5.13793	-12.5907	5.05	-12.35	-1.81967	1.81966
4.9479	-12.2334	-1.50784	2.09151	4.95241	-12.2277	4.95	-12.25	-1.81967	1.81967
4.82544	-12.1076	-2.20467	2.41826	4.81467	-12.1072	4.85	-12.1	-1.81844	2.72766
4.74572	-11.9583	-1.61064	2.65173	4.75144	-11.9561	4.75	-11.95	-1.81844	2.72767
4.70645	-11.8327	-0.71728	2.06953	4.6829	-11.7433	4.7	-11.85	-0.909557	1.8191
4.67361	-11.7425	-0.63382	1.75789	4.67603	-11.7496	4.65	-11.75	-0.909553	1.81911
4.60924	-11.6199	-1.19686	2.39764	4.61619	-11.6508	4.6	-11.6	-0.907782	2.72335
4.54492	-11.453	-1.15763	2.86492	4.5432	-11.4431	4.55	-11.45	-0.907778	2.72334
4.5076	-11.2554	-0.793281	3.65413	4.48104	-11.1618	4.5	-11.25	-0.910253	3.64099
4.4461	-11.067	-1.06016	3.47937	4.44374	-11.0696	4.45	-11.05	-0.910253	3.64099
4.43993	-10.9455	-0.016518	1.84509	4.46178	-10.9843	4.45	-10.95	0	1.81804
4.44451	-10.8611	0.0537564	1.61869	4.4464	-10.8663	4.45	-10.85	0	1.81805
4.45599	-10.7634	0.129329	1.90406	4.60972	-11.1274	4.45	-10.75	0	1.81614
4.44309	-10.6408	-0.154562	2.13002	4.43858	-10.6346	4.45	-10.65	0	1.81614
4.44057	-10.4636	-0.19321	3.41228	4.43099	-10.4242	4.45	-10.45	0	3.6396
4.44483	-10.2512	0.0443596	3.75776	4.44616	-10.2449	4.45	-10.25	0	3.6396
4.49687	-10.0805	0.977167	2.87199	4.52156	-10.1192	4.5	-10.1	0.910021	2.73005
4.55122	-9.9391	0.974374	2.65046	4.55225	-9.94382	4.55	-9.95	0.910013	2.73003
4.60739	-9.78196	1.04023	3.16505	4.5897	-9.73457	4.6	-9.8	0.999085	2.99725
4.64713	-9.64657	0.827188	2.848	4.64586	-9.65356	4.65	-9.65	0.99908	2.99724
4.68671	-9.52828	0.857145	1.98368	4.61159	-9.38621	4.7	-9.55	0.910095	1.82021
4.74103	-9.44811	0.944381	1.58992	4.7442	-9.45683	4.75	-9.45	0.910091	1.82018
4.83015	-9.30974	1.52025	2.74766	4.80746	-9.23434	4.85	-9.3	1.99828	2.99743
4.93571	-9.16092	1.98405	2.93728	4.94202	-9.15915	4.95	-9.15	1.99826	2.99739
5.01908	-8.9976	1.51507	3.06201	5.03379	-9.03255	5	-9	0.908384	2.72514
5.06707	-8.84144	0.962879	2.85434	5.06039	-8.84271	5.05	-8.85	0.908384	2.72514
5.14578	-8.72831	1.52744	1.88952	5.21058	-8.83852	5.15	-8.75	1.81679	1.8168
5.25853	-8.64749	1.93821	1.60297	5.26598	-8.6555	5.25	-8.65	1.81679	1.8168
5.35143	-8.52414	1.59202	2.37435	5.33786	-8.49992	5.35	-8.5	1.82017	2.73024
5.43699	-8.37015	1.59087	2.69905	5.43516	-8.36367	5.45	-8.35	1.82015	2.73022
5.54819	-8.24251	2.07499	2.20935	5.58025	-8.28767	5.55	-8.25	1.81852	1.81852
5.6522	-8.15905	1.87319	1.6626	5.65225	-8.1686	5.65	-8.15	1.8185	1.8185
5.76686	-8.05632	2.02675	1.88689	5.83663	-8.14888	5.75	-8.05	1.81752	1.81753
5.82401	-7.95426	1.20267	1.7878	5.81186	-7.95139	5.85	-7.95	1.81752	1.81752
5.92805	-7.85047	1.86398	1.80193	5.99151	-7.92468	5.95	-7.85	1.8194	1.8194
6.04344	-7.74913	2.0623	1.85298	6.04627	-7.74932	6.05	-7.75	1.81941	1.8194
6.15674	-7.60699	1.95773	2.62223	6.05883	-7.47931	6.15	-7.6	1.81742	2.72613
6.26329	-7.44308	1.96729	2.90067	6.26179	-7.43797	6.25	-7.45	1.8174	2.72611
6.3886	-7.34035	2.49369	1.69758	6.3458	-7.29797	6.4	-7.35	2.7248	1.81653
6.54736	-7.24385	2.81932	1.77435	6.55234	-7.24441	6.55	-7.25	2.72477	1.81651
6.64911	-7.18832	1.95203	1.12337	6.61964	-7.17343	6.65	-7.2	1.81957	0.909789
6.74658	-7.1483	1.77588	0.794085	6.74556	-7.15305	6.75	-7.15	1.81957	0.909785
6.89943	-7.04796	2.64213	1.71641	6.91901	-7.04822	6.9	-7.05	2.72946	1.81964
7.06471	-6.94176	2.9544	1.91844	7.06886	-6.94012	7.05	-6.95	2.72946	1.81964
7.16951	-6.84863	1.87882	1.86227	7.12574	-6.81829	7.15	-6.85	1.81554	1.81554
7.25697	-6.7408	1.65221	1.91583	7.25262	-6.73852	7.25	-6.75	1.81554	1.81554
7.34459	-6.65089	1.65426	1.62301	7.30586	-6.61905	7.35	-6.65	1.82007	1.82007
7.45415	-6.54179	1.95311	1.94335	7.45762	-6.53827	7.45	-6.55	1.82005	1.82005
7.59023	-6.47557	2.65786	1.08123	7.59546	-6.48319	7.6	-6.5	2.72628	0.908764
7.74044	-6.4427	2.67862	0.693563	7.74315	-6.44913	7.75	-6.45	2.72628	0.908764
7.84568	-6.39953	1.81354	0.928947	7.8486	-6.40709	7.85	-6.4	1.81656	0.908285
7.95608	-6.34224	1.97244	1.0341	7.9584	-6.34152	7.95	-6.35	1.81656	0.908281
8.08383	-6.26248	2.29879	1.38787	8.05398	-6.23227	8.1	-6.25	2.73006	1.82003
8.24162	-6.15376	2.78761	1.90958	8.24773	-6.1485	8.25	-6.15	2.73005	1.82003
8.4042	-6.04179	2.98034	1.98783	8.32369	-5.98136	8.4	-6.05	2.72692	1.81795
8.55469	-5.93929	2.78222	1.86925	8.55156	-5.93992	8.55	-5.95	2.7269	1.81794
8.66467	-5.85459	1.95834	1.67191	8.63806	-5.84559	8.65	-5.85	1.81844	1.81844
8.75851	-5.75493	1.77304	1.76969	8.7543	-5.75242	8.75	-5.75	1.81843	1.81843
8.90145	-5.65217	2.66519	1.74741	9.00947	-5.71389	8.9	-5.65	2.72464	1.81643
9.05899	-5.54326	2.82997	1.94915	9.06113	-5.54128	9.05	-5.55	2.72465	1.81643
9.17152	-5.45553	1.99318	1.72706	9.13938	-5.44533	9.15	-5.45	1.81916	1.81918
9.25334	-5.34087	1.62965	1.98977	9.24452	-5.3352	9.25	-5.35	1.81916	1.81916
9.34462	-5.28579	1.84886	1.0128	9.26221	-5.25032	9.35	-5.3	1.81895	0.909466
9.43748	-5.2538	1.70425	0.650013	9.43645	-5.25801	9.45	-5.25	1.81894	0.90947
9.54534	-5.12742	1.69229	2.23175	9.71784	-5.19928	9.55	-5.1	1.81986	2.72981
9.6488	-4.96111	1.87724	2.89215	9.64908	-4.9531	9.65	-4.95	1.81987	2.72981
9.74664	-4.84941	1.91224	2.07236	9.67182	-4.82288	9.75	-4.85	1.81736	1.81735
9.86312	-4.74479	2.05773	1.94265	9.86682	-4.74721	9.85	-4.75	1.81736	1.81735
9.95982	-4.64602	1.72745	1.84443	9.94653	-4.64316	9.95	-4.65	1.81806	1.81805
10.0672	-4.54282	1.89674	1.88165	10.0706	-4.54316	10.05	-4.55	1.81805	1.81805
10.2097	-4.44527	2.67484	1.71198	10.4074	-4.52899	10.2	-4.45	2.72609	1.8174
10.3461	-4.35155	2.5293	1.69588	10.3431	-4.35107	10.35	-4.35	2.72606	1.81737
10.4207	-4.20164	0.998329	2.80562	10.3837	-4.17982	10.4	-4.2	0.908945	2.72688
10.461	-4.06779	0.786683	2.49029	10.4578	-4.07071	10.45	-4.05	0.908953	2.72687
10.5569	-3.95061	1.98733	2.03968	10.5531	-3.94939	10.55	-3.95	1.81903	1.81904
10.6477	-3.84158	1.73673	1.97954	10.6424	-3.84126	10.65	-3.85	1.81902	1.81903
10.7497	-3.69258	1.84091	2.6239	10.6157	-3.63689	10.75	-3.7	1.81931	2.72896
10.856	-3.54067	1.9146	2.7418	10.8572	-3.53957	10.85	-3.55	1.81931	2.72896
10.9242	-3.39072	1.28306	3.0082	10.8149	-3.35552	10.9	-3.4	0.999745	2.99928
10.9504	-3.24842	0.78805	2.8526	10.9372	-3.24816	10.95	-3.25	0.999754	2.99928
11.0385	-3.13609	1.93084	2.01611	10.9078	-3.10703	11.05	-3.15	1.81764	1.81765
11.1364	-3.05266	1.80628	1.60029	11.135	-3.05697	11.15	-3.05	1.81763	1.81764
11.2031	-2.9054	0.996303	2.62665	11.1507	-2.87978	11.2	-2.9	0.909657	2.72896
11.2577	-2.74594	1.00084	2.85063	11.2571	-2.74346	11.25	-2.75	0.909648	2.72893
11.2359	-2.58258	-0.722178	3.31589	11.2614	-2.58697	11.2	-2.6	-0.998725	2.99617
11.1546	-2.44867	-1.31807	2.80083	11.1393	-2.45312	11.15	-2.45	-0.998725	2.99616
11.1812	-2.28557	0.931804	2.80796	11.2346	-2.28949	11.2	-2.3	0.908813	2.72643
11.2368	-2.16015	0.980084	2.37092	11.239	-2.16508	11.25	-2.15	0.908805	2.7264
11.2881	-2.00722	0.935541	2.73433	11.1623	-1.9797	11.3	-2	0.909855	2.72956
11.3418	-1.85189	0.96802	2.81125	11.3424	-1.85113	11.35	-1.85	0.909847	2.72953
